0.0999599358974359
0.25801282051282054
0.31009615384615385
0.31850961538461536
0.3219150641025641
0.35556891025641024
0.30939503205128205
0.39793669871794873
0.40344551282051283
0.40024038461538464
0.3736979166666667
0.4421073717948718
0.40865384615384615
0.43639823717948717
0.4230769230769231
0.46504407051282054
0.4479166666666667
0.45873397435897434
0.4618389423076923
0.4680488782051282
0.49819711538461536
0.4751602564102564
0.46374198717948717
0.5009014423076923
0.5132211538461539
0.5079126602564102
0.49278846153846156
0.5445713141025641
0.4979967948717949
0.5347556089743589
0.5080128205128205
0.5354567307692307
0.5308493589743589
0.5617988782051282
0.532051282051282
0.5873397435897436
0.5250400641025641
0.575020032051282
0.5710136217948718
0.5647035256410257
0.5570913461538461
0.5762219551282052
0.5897435897435898
0.5904447115384616
0.5635016025641025
0.596854967948718
0.5894431089743589
0.6139823717948718
0.6213942307692307
0.5971554487179487
0.6196915064102564
0.6076722756410257
0.6211939102564102
0.620292467948718
0.6043669871794872
0.6204927884615384
0.625801282051282
0.641426282051282
0.6392227564102564
0.6506410256410257
0.6344150641025641
0.6427283653846154
0.6733774038461539
0.6000600961538461
0.6839943910256411
0.6348157051282052
0.6672676282051282
0.6747796474358975
0.647636217948718
0.6594551282051282
0.6649639423076923
0.6643629807692307
0.6585536858974359
0.6741786858974359
0.6905048076923077
0.6365184294871795
0.7133413461538461
0.6766826923076923
0.6812900641025641
0.69140625
0.7006209935897436
0.6651642628205128
0.6903044871794872
0.6597556089743589
0.6898036858974359
0.6644631410256411
0.7042267628205128
0.6629607371794872
0.7247596153846154
0.7075320512820513
0.7157451923076923
0.7122395833333334
0.6812900641025641
0.7065304487179487
0.6822916666666666
0.7213541666666666
0.7186498397435898
0.7086338141025641
0.7138421474358975
0.7191506410256411
0.7203525641025641
0.7265625
0.7005208333333334
0.7265625
0.7114383012820513
0.7250600961538461
0.7105368589743589
0.715645032051282
0.7267628205128205
0.7058293269230769
0.734375
0.7295673076923077
0.7295673076923077
0.7196514423076923
0.7346754807692307
0.7013221153846154
0.7514022435897436
0.6893028846153846
0.7478966346153846
0.7164463141025641
0.7497996794871795
0.7213541666666666
0.7487980769230769
0.7397836538461539
0.7164463141025641
0.7282652243589743
0.7235576923076923
0.7279647435897436
0.7329727564102564
0.7435897435897436
0.7248597756410257
0.739082532051282
0.7493990384615384
0.75390625
0.7379807692307693
0.7426883012820513
0.7255608974358975
0.7425881410256411
0.7476963141025641
0.7418870192307693
0.7496995192307693
0.7361778846153846
0.7436899038461539
0.7643229166666666
0.7125400641025641
0.7610176282051282
0.7571113782051282
0.7389823717948718
0.7400841346153846
0.7700320512820513
###zkp_neg
0.0999599358974359
0.27013221153846156
0.0999599358974359
0.3713942307692308
0.40795272435897434
0.41516426282051283
0.42598157051282054
0.4707532051282051
0.5059094551282052
0.48908253205128205
0.5033052884615384
0.5285456730769231
0.5199318910256411
0.5646033653846154
0.5516826923076923
0.5775240384615384
0.5709134615384616
0.5977564102564102
0.5927483974358975
0.6036658653846154
0.5979567307692307
0.6206931089743589
0.62890625
0.6483373397435898
0.6090745192307693
0.651542467948718
0.6470352564102564
0.6443309294871795
0.6625600961538461
0.6344150641025641
0.6620592948717948
0.6704727564102564
0.6733774038461539
0.6680689102564102
0.6764823717948718
0.6871995192307693
0.6857972756410257
0.6643629807692307
0.7064302884615384
0.6698717948717948
0.7053285256410257
0.700020032051282
0.7047275641025641
0.7189503205128205
0.6717748397435898
0.719551282051282
0.7067307692307693
0.7112379807692307
0.7147435897435898
0.7338741987179487
0.7155448717948718
0.7159455128205128
0.7142427884615384
0.7245592948717948
0.7210536858974359
0.7290665064102564
0.7444911858974359
0.7306690705128205
0.7322716346153846
0.7380809294871795
0.7320713141025641
0.7436899038461539
0.7587139423076923
0.7435897435897436
0.7540064102564102
0.7416866987179487
0.7496995192307693
0.7540064102564102
0.7275641025641025
0.7469951923076923
0.7305689102564102
0.762520032051282
0.7568108974358975
0.7379807692307693
0.7420873397435898
0.7578125
0.7607171474358975
0.7668269230769231
###malicious-2250
0.0999599358974359
0.0999599358974359
0.0999599358974359
0.0999599358974359
0.0999599358974359
0.0999599358974359
0.0999599358974359
0.0999599358974359
0.0999599358974359
0.0999599358974359
0.0999599358974359
0.0999599358974359
0.0999599358974359
0.0999599358974359
0.0999599358974359
0.0999599358974359
0.0999599358974359
0.0999599358974359
0.0999599358974359
0.0999599358974359
0.0999599358974359
0.0999599358974359
0.0999599358974359
0.0999599358974359
0.0999599358974359
0.0999599358974359
0.0999599358974359
0.0999599358974359
0.0999599358974359
0.0999599358974359
0.0999599358974359
0.0999599358974359
0.0999599358974359
0.0999599358974359
0.0999599358974359
0.0999599358974359
0.0999599358974359
0.0999599358974359
0.0999599358974359
0.0999599358974359
0.0999599358974359
0.0999599358974359
0.0999599358974359
0.0999599358974359
0.0999599358974359
0.0999599358974359
0.0999599358974359
0.0999599358974359
0.0999599358974359
0.0999599358974359
0.0999599358974359
0.0999599358974359
0.0999599358974359
0.0999599358974359
0.0999599358974359
0.0999599358974359
0.0999599358974359
0.0999599358974359
0.0999599358974359
0.0999599358974359
0.0999599358974359
0.0999599358974359
0.0999599358974359
0.0999599358974359
0.0999599358974359
0.0999599358974359
0.0999599358974359
0.0999599358974359
0.0999599358974359
0.0999599358974359
0.0999599358974359
0.0999599358974359
0.0999599358974359
0.0999599358974359
0.0999599358974359
0.0999599358974359
0.0999599358974359
0.0999599358974359
0.0999599358974359
0.0999599358974359
0.0999599358974359
0.0999599358974359
0.0999599358974359
0.0999599358974359
0.0999599358974359
0.0999599358974359
0.0999599358974359
0.0999599358974359
0.0999599358974359
0.0999599358974359
0.0999599358974359
0.0999599358974359
0.0999599358974359
0.0999599358974359
0.0999599358974359
0.0999599358974359
0.0999599358974359
0.0999599358974359
0.0999599358974359
0.0999599358974359
0.0999599358974359
0.0999599358974359
0.0999599358974359
0.0999599358974359
0.0999599358974359
0.0999599358974359
0.0999599358974359
0.0999599358974359
0.0999599358974359
0.0999599358974359
0.0999599358974359
0.0999599358974359
0.0999599358974359
0.0999599358974359
0.0999599358974359
0.0999599358974359
0.0999599358974359
0.0999599358974359
0.0999599358974359
0.0999599358974359
0.0999599358974359
0.0999599358974359
0.0999599358974359
0.0999599358974359
0.0999599358974359
0.0999599358974359
0.0999599358974359
0.0999599358974359
0.0999599358974359
0.0999599358974359
0.0999599358974359
0.0999599358974359
0.0999599358974359
0.0999599358974359
0.0999599358974359
0.0999599358974359
0.0999599358974359
0.0999599358974359
0.0999599358974359
0.0999599358974359
0.0999599358974359
0.0999599358974359
0.0999599358974359
0.0999599358974359
0.0999599358974359
0.0999599358974359
0.0999599358974359
0.0999599358974359
0.0999599358974359
0.0999599358974359
0.0999599358974359
0.0999599358974359
0.0999599358974359
0.0999599358974359
0.0999599358974359
0.0999599358974359
0.0999599358974359
0.0999599358974359
0.0999599358974359
###no_check_pos_10
0.20592948717948717
0.20592948717948717
0.2437900641025641
0.25891426282051283
0.0999599358974359
0.0999599358974359
0.0999599358974359
0.0999599358974359
0.0999599358974359
0.0999599358974359
0.0999599358974359
0.17698317307692307
0.17548076923076922
0.21354166666666666
0.2398838141025641
0.1716746794871795
###debug BN
0.17698317307692307
0.17548076923076922
0.21354166666666666
0.2398838141025641
0.1716746794871795
0.2592147435897436
0.19591346153846154
0.3121995192307692
0.1360176282051282
0.2948717948717949
0.2831530448717949
0.2627203525641026
0.3053886217948718
0.27954727564102566
0.27624198717948717
0.2637219551282051
0.34985977564102566
0.3922275641025641
0.43299278846153844
0.37089342948717946
0.45372596153846156
0.2659254807692308
0.40514823717948717
0.4908854166666667
0.39142628205128205
0.47185496794871795
0.38591746794871795
0.31850961538461536
0.33603766025641024
0.2527043269230769
0.30969551282051283
0.22155448717948717
0.26712740384615385
0.17618189102564102
0.3957331730769231
0.2548076923076923
0.35947516025641024
0.36828926282051283
0.37289663461538464
0.2520032051282051
0.3815104166666667
0.24018429487179488
0.378505608974359
0.16135817307692307
0.4082532051282051
0.3499599358974359
0.4450120192307692
0.25390625
0.4765625
0.23637820512820512
0.2166466346153846
0.32752403846153844
0.30649038461538464
0.40184294871794873
0.3557692307692308
0.43139022435897434
0.5197315705128205
0.41065705128205127
0.5566907051282052
0.43900240384615385
0.4788661858974359
0.35727163461538464
0.4389022435897436
0.4554286858974359
0.5162259615384616
0.4088541666666667
0.5808293269230769
0.4108573717948718
0.5721153846153846
0.3707932692307692
0.4600360576923077
0.39212740384615385
0.35957532051282054
0.3683894230769231
0.28665865384615385
0.37099358974358976
0.3060897435897436
0.3347355769230769
0.42167467948717946
0.21374198717948717
0.5223357371794872
0.24208733974358973
0.5646033653846154
0.21905048076923078
0.5062099358974359
0.26111778846153844
0.5903445512820513
0.2587139423076923
0.49368990384615385
0.2802483974358974
0.4827724358974359
0.2982772435897436
0.5452724358974359
0.3167067307692308
0.5643028846153846
0.3696915064102564
0.5753205128205128
0.35106169871794873
0.5321514423076923
0.3737980769230769
0.4395032051282051
0.32371794871794873
0.5240384615384616
0.31270032051282054
0.5328525641025641
0.24689503205128205
0.5204326923076923
0.22546073717948717
0.47445913461538464
0.3082932692307692
0.5575921474358975
0.2828525641025641
0.457431891025641
0.23938301282051283
0.4417067307692308
0.38461538461538464
0.5686097756410257
0.44941907051282054
0.40775240384615385
0.2523036858974359
0.30839342948717946
0.20282451923076922
0.29146634615384615
0.3174078525641026
0.535957532051282
0.3334334935897436
0.4946915064102564
0.47485977564102566
0.44310897435897434
0.21614583333333334
0.39693509615384615
0.18449519230769232
0.5666065705128205
0.24799679487179488
0.5094150641025641
0.19340945512820512
0.3684895833333333
0.19701522435897437
0.33653846153846156
0.19831730769230768
0.45522836538461536
0.18249198717948717
0.4545272435897436
0.1775841346153846
0.5350560897435898
0.1994190705128205
0.44871794871794873
0.29056490384615385
0.5665064102564102
0.2685296474358974
###no_check_pos
