nan
2.0690703143676124
1.8989477734535167
1.8472650066400185
1.8243286659320195
1.7336799471806257
1.793088138103485
1.6531673979300718
1.6161254281416917
1.6259506723055472
1.6553168021715605
1.5280622488413103
1.5772708096565344
1.4979318882792423
1.5550356197815676
1.4321118904612002
1.4443131001331868
1.4657923533366277
1.4390648981699576
1.436343217889468
1.3564316985698848
1.401937337831045
1.4536822591072474
1.3216564372563973
1.2835644055635502
1.3266633193080242
1.3380653254496746
1.230423738559087
1.3746546130531874
1.252636385651735
1.3088014570948405
1.2469633997250826
1.292652992483897
1.1938389025819607
1.2983554360958247
1.1150298821620452
1.31296323125179
1.153758276349459
1.162201811105777
1.2097520096561847
1.177542955829547
1.1668970015568612
1.0918926480106819
1.121066768008929
1.1910528666698015
1.0862336101440282
1.095121141236562
1.0658973113466532
1.0196645485285
1.091896080913452
1.038666928998935
1.0401793636190586
1.0440265152316828
1.0144735227983732
1.0954521350944653
1.0296701445029333
1.0213693068004572
0.97153637988063
0.9954383957844514
0.9677331729386097
1.000191512875832
0.9928259449318434
0.9064856589031525
1.0899604602884023
0.8867899569181296
1.0100437152462127
0.9073966003190248
0.8998301655818255
0.961491402811729
0.956522244004867
0.9232312363500779
0.9117149676267917
0.9464778089179442
0.903915962538658
0.8657584936381915
1.0150311428766985
0.8166304257435676
0.9052154934750154
0.8878095854933445
0.8639738328563862
0.8316009988387426
0.9184534120827149
0.8589275713341359
0.9500471706000658
0.8670251251986394
0.9311230229452635
0.8233722817057219
0.9430369996489623
0.7700121333965888
0.8227350459649012
0.7966687265688028
0.8136182904052429
0.8842258953895324
0.8186647785970798
0.880166482944519
0.7905852827124107
0.7870245802287872
0.808129009623558
0.8188506881587017
0.7926123883479681
0.8059624067674844
0.7828417318180586
0.8324794696691709
0.7597360885105072
0.8139402907437239
0.7810568927954404
0.8120442156035167
0.8189205530171211
0.7837018687755634
0.8165755464862554
0.754327015999036
0.776303561261067
0.7675244511129
0.792348352380288
0.7553859885113362
0.8442244322445148
0.7157736141712238
0.8677090265047855
0.7180294890720875
0.7983131039027984
0.7053675989214426
0.8046346422380362
0.7165851936890528
0.7571497525160129
0.811888687694684
0.7667594779378328
0.7698751665556278
0.7803954128653575
0.7539041483631501
0.7245170431068311
0.7705760918175563
0.7545877875616918
0.7125209216028452
0.7081458826477711
0.746687266163719
0.7385497237436283
0.7667032298751366
0.7355039379535577
0.7229176117823675
0.7341965248760505
0.7177401979764303
0.7447149716317654
0.7346336448039764
0.6683738122288233
0.805846559552428
0.6790515717883141
0.6962726288116895
0.7464853539489783
0.7440797375180782
0.6712303078996066
###zkp_neg
nan
1.861742106003639
nan
1.6383110292446919
1.5234279861816993
1.5266386415713873
1.4723261545101802
1.4027590222465687
1.3255660214867346
1.339048380844104
1.3216951170410864
1.2581047549461708
1.253404524272833
1.1796545520042763
1.2056205259301724
1.1516225618811755
1.1455883257664168
1.0919347793245926
1.1142784221432147
1.0753550777832668
1.0854539609490297
1.0447872510323157
1.0198668854740949
0.9769165682104918
1.0541071565105364
0.9687829130353072
0.9617338052544838
0.9865832762458385
0.910379942602072
1.0129794243436594
0.9371122867824175
0.9178890854311295
0.916589652116482
0.9000072527008179
0.9042319463422666
0.8627729008022027
0.8754038392351224
0.8886628201565682
0.8184408254157274
0.9145123352989172
0.8345483743036405
0.8323436710887995
0.8268761795300704
0.799024159900653
0.9091885786216992
0.8014992425839106
0.8264127657390558
0.8169003175810362
0.8172467081592634
0.7617269668441552
0.8041227367252876
0.7783374673663042
0.8071831751328248
0.7688160916933646
0.7883458275061387
0.7569286900644119
0.7228100524307826
0.7535173929272554
0.743227190982837
0.7551089784082694
0.7457159774807783
0.7353724545966356
0.6976328577177647
0.7322311298205302
0.6990017851766868
0.7346635408317431
0.699350400803945
0.7099089161134683
0.7560958222318919
0.7242505768170724
0.7554558325463381
0.6824871477408286
0.6889359489656411
0.7297167949951612
0.7527711893885564
0.6883624148292419
0.6857019160420467
0.6774596292047929
###malicious-2250
nan
nan
nan
nan
nan
nan
nan
nan
nan
nan
nan
nan
nan
nan
nan
nan
nan
nan
nan
nan
nan
nan
nan
nan
nan
nan
nan
nan
nan
nan
nan
nan
nan
nan
nan
nan
nan
nan
nan
nan
nan
nan
nan
nan
nan
nan
nan
nan
nan
nan
nan
nan
nan
nan
nan
nan
nan
nan
nan
nan
nan
nan
nan
nan
nan
nan
nan
nan
nan
nan
nan
nan
nan
nan
nan
nan
nan
nan
nan
nan
nan
nan
nan
nan
nan
nan
nan
nan
nan
nan
nan
nan
nan
nan
nan
nan
nan
nan
nan
nan
nan
nan
nan
nan
nan
nan
nan
nan
nan
nan
nan
nan
nan
nan
nan
nan
nan
nan
nan
nan
nan
nan
nan
nan
nan
nan
nan
nan
nan
nan
nan
nan
nan
nan
nan
nan
nan
nan
nan
nan
nan
nan
nan
nan
nan
nan
nan
nan
nan
nan
nan
nan
nan
nan
nan
nan
nan
nan
nan
###no_check_pos_10
2.185816093897208
2.185816093897208
2.0474046820249314
1.9700697920261285
nan
nan
nan
nan
nan
nan
nan
3.4752673361545954
3.2443621571247396
3.1828190707243404
3.0174940625826516
5.486648770479055
###debug_BN
3.4752673361545954
3.2443621571247396
3.1828190707243404
3.0174940625826516
5.486648770479055
2.9350785273007856
5.005282916319676
1.898449109150813
13.525082245851175
2.1781209034797473
4.46674444889411
2.494652101244682
3.7506047655374575
2.7562787051384268
4.1248720700924215
3.0382514603627033
2.518626031203148
2.036826947942758
1.71979463329682
1.919434518004075
1.6106727877870584
3.1524337239754505
1.9126545710441394
1.7167152353586295
2.063762362186725
1.974102249321265
1.9993898505583787
3.039630929246927
2.5092027149139304
4.419327753476607
3.0046274730792413
5.211166650821001
3.4717251635514774
5.966843804487815
2.486699417615548
3.2705518503983817
3.4198002165708785
2.5765425589604254
3.24177578664743
3.530314320937181
2.633917449758603
4.478268575209838
3.12321503727864
5.2220149368811875
2.479854174531423
3.005838453387603
1.8891457143502357
5.280967794167689
1.826493617815849
6.011715675775822
4.413313951247778
3.739910309131329
3.520074310975197
2.8102566431730223
2.8747784151480746
3.1114983577758837
1.466661314933728
2.684898133461292
1.3624226311460519
2.561966530023477
1.7235019317804239
2.9695072831251683
2.0983067294343924
2.258362475113991
1.5038789904270418
3.006435037805484
1.271247895482259
2.8246684888234506
1.3751896675198505
2.8941315848093767
1.9658243316106307
2.850763430962196
3.1328132144915752
2.7126426001389823
4.191377256925289
2.9347065274532023
3.784520427003885
3.7468847915148125
2.34557875035665
7.811452008210695
1.547864362406425
6.213877551066569
1.5873141057598286
8.567045410474142
1.737826453569608
5.8856697395826
1.214721496670674
6.04915711742181
1.8038482012657018
4.823250516867026
1.8842879507022026
5.648341350830519
1.7101069835898204
4.241867086062064
1.3450015578896573
2.9733923413814645
1.4798820842152987
3.572973738878201
1.7486313369411688
3.365986562692202
2.230238159497579
4.306594679752986
1.6636238654072468
3.9730421128945475
1.5951461725128002
4.495841650626598
1.7783824833921897
4.673600420737878
1.997705448132295
3.2270838687053094
1.5855524287774012
3.8711984172845497
2.2947366413397665
4.723630257141896
2.7331102383442416
2.569614800123068
1.681446593732406
1.8339510949758382
3.911623931848086
4.145169880145636
5.687835953174493
7.490657248558143
4.6839263286346045
3.377756491685525
2.1129028453276706
2.542813230019349
2.2204374136068883
1.8841836905250182
2.526657250447151
5.553727234021212
2.6524924028378267
7.546455427622184
1.657991042886025
4.877303145634822
1.9501681599097374
7.975720880887447
3.452869865374687
7.274859957205943
3.3470001201599073
9.109511153820234
2.252157898667531
10.220224531797262
2.047976474731396
11.607915956240435
1.6952451028120823
11.024497366868532
2.1041266047037563
6.434815126351821
1.3534899000556042
5.7493965503497
###no_check_pos
2.4047559102376304
2.359210287913298
2.306338603297869
2.2710803265754995
2.26682934547082
2.2707663086744456
2.188777756232482
2.2112536483850236
2.1228850915645943
2.2008120138675737
2.120176145663628
2.094698727512971
2.1426928681440844
2.128045122210796
2.0661793446693664
2.0659744514104648
2.1044834764339986
2.0153269232847753
2.0418319140489283
2.0097941301572018
2.0026290890498037
2.0296748406611957
2.050786009583718
2.017002916870973
1.995718898299413
2.054862509553249
2.074256984087137
2.0476622734314356
1.9177413063171582
2.006802288003457
2.0140495670911593
1.9327813669657097
2.045845526151168
1.925655959508358
1.9895555403752205
1.9119959030395899
2.0068586480159025
1.899749327928592
1.8627794958077943
1.8518197513543642
1.9620634611600485
1.9530916401208975
1.8579612764028401
1.8578840578213716
1.9693239889083765
1.9176220458287458
1.8701313749337807
1.9959215227610025
1.8724371603666208
1.8242515145968168
1.8705395830747409
1.7874690267520073
1.8220327076239464
1.8867162072505705
1.8287125600454135
1.8887933374215395
1.9491833727329204
1.843093100266579
1.8503859299115646
1.8733148479308837
1.8755773470187798
1.809591946311486
1.9652386884658763
1.8937257008674817
1.9504373589387307
1.7759261012841494
1.827596325140733
1.8580135687803612
1.9193754647022638
1.838050759373567
1.9266778356753862
1.8006884127091138
1.8519524546005788
1.8287133570664968
1.8646738892182326
1.882772303544558
1.766656261224013
1.9257042098503847
1.863219903447689
1.8240858881901472
1.8588663045412455
1.9256478192714543
1.9414198283965771
1.824206285751783
1.7593849862997348
1.7398711507901168
1.7669980373138037
1.974103461473416
1.8696300872625449
1.9235196583546126
1.8663668445287607
1.7876368080958343
1.8559704484083714
1.842752842948987
1.7326158224008021
1.8577756090806081
1.9508712746393986
1.8124984101607249
1.8196102384573374
1.8910085616203456
1.8971472283204396
1.7771454409529002
1.7242070512893872
1.7508408568608456
1.8819449563056996
1.761756488145926
1.7271247731569486
1.812482693256476
1.952867689423072
1.860069290185586
1.81519310711286
1.8255999252582207
1.8081683363669958
1.795314101454539
1.8077875093007698
1.720516134913151
1.8521297058233848
1.875812062086203
1.8392880100470324
1.7732071693126972
1.771398897163379
1.7716700379283001
1.8945166648198397
1.7910604553344922
1.6910923919998682
1.6444068749745686
1.7434429545433094
1.9365572914099083
1.714250650925514
1.8657458852498958
1.6908672627730248
1.6765959492096534
1.796185317520912
1.7621245284875233
1.847642326202148
1.7893210781308322
1.7195014791228833
1.7425985214037774
1.9068534427728407
1.718313140555834
1.817600266291545
1.7376106497951043
1.8014565826608584
1.7208717568562582
1.758267812239818
1.6856568820583515
1.7058917578214254
1.9024352847765653
1.7456899443880105
1.7606462593644092
###no_check_neg
