0.0999599358974359
0.25801282051282054
0.31009615384615385
0.31850961538461536
0.3219150641025641
0.35556891025641024
0.30939503205128205
0.39793669871794873
0.40344551282051283
0.40024038461538464
0.3736979166666667
0.4421073717948718
0.40865384615384615
0.43639823717948717
0.4230769230769231
0.46504407051282054
0.4479166666666667
0.45873397435897434
0.4618389423076923
0.4680488782051282
0.49819711538461536
0.4751602564102564
0.46374198717948717
0.5009014423076923
0.5132211538461539
0.5079126602564102
0.49278846153846156
0.5445713141025641
0.4979967948717949
0.5347556089743589
0.5080128205128205
0.5354567307692307
0.5308493589743589
0.5617988782051282
0.532051282051282
0.5873397435897436
0.5250400641025641
0.575020032051282
0.5710136217948718
0.5647035256410257
0.5570913461538461
0.5762219551282052
0.5897435897435898
0.5904447115384616
0.5635016025641025
0.596854967948718
0.5894431089743589
0.6139823717948718
0.6213942307692307
0.5971554487179487
0.6196915064102564
0.6076722756410257
0.6211939102564102
0.620292467948718
0.6043669871794872
0.6204927884615384
0.625801282051282
0.641426282051282
0.6392227564102564
0.6506410256410257
0.6344150641025641
0.6427283653846154
0.6733774038461539
0.6000600961538461
0.6839943910256411
0.6348157051282052
0.6672676282051282
0.6747796474358975
0.647636217948718
0.6594551282051282
0.6649639423076923
0.6643629807692307
0.6585536858974359
0.6741786858974359
0.6905048076923077
0.6365184294871795
0.7133413461538461
0.6766826923076923
0.6812900641025641
0.69140625
0.7006209935897436
0.6651642628205128
0.6903044871794872
0.6597556089743589
0.6898036858974359
0.6644631410256411
0.7042267628205128
0.6629607371794872
0.7247596153846154
0.7075320512820513
0.7157451923076923
0.7122395833333334
0.6812900641025641
0.7065304487179487
0.6822916666666666
0.7213541666666666
0.7186498397435898
0.7086338141025641
0.7138421474358975
0.7191506410256411
0.7203525641025641
0.7265625
0.7005208333333334
0.7265625
0.7114383012820513
0.7250600961538461
0.7105368589743589
0.715645032051282
0.7267628205128205
0.7058293269230769
0.734375
0.7295673076923077
0.7295673076923077
0.7196514423076923
0.7346754807692307
0.7013221153846154
0.7514022435897436
0.6893028846153846
0.7478966346153846
0.7164463141025641
0.7497996794871795
0.7213541666666666
0.7487980769230769
0.7397836538461539
0.7164463141025641
0.7282652243589743
0.7235576923076923
0.7279647435897436
0.7329727564102564
0.7435897435897436
0.7248597756410257
0.739082532051282
0.7493990384615384
0.75390625
0.7379807692307693
0.7426883012820513
0.7255608974358975
0.7425881410256411
0.7476963141025641
0.7418870192307693
0.7496995192307693
0.7361778846153846
0.7436899038461539
0.7643229166666666
0.7125400641025641
0.7610176282051282
0.7571113782051282
0.7389823717948718
0.7400841346153846
0.7700320512820513
###zkp_neg
