0.0999599358974359
0.234375
0.28295272435897434
0.30919471153846156
0.316005608974359
0.3334334935897436
0.3108974358974359
0.3535657051282051
0.3645833333333333
0.32471955128205127
0.35757211538461536
0.40314503205128205
0.4110576923076923
0.4202724358974359
0.39533253205128205
0.418369391025641
0.42568108974358976
0.42748397435897434
0.44451121794871795
0.4286858974358974
0.46103766025641024
0.4489182692307692
0.4463141025641026
0.47255608974358976
0.45622996794871795
0.4831730769230769
0.45332532051282054
0.4935897435897436
0.48417467948717946
0.4807692307692308
0.49048477564102566
0.5162259615384616
0.47155448717948717
0.5210336538461539
0.5080128205128205
0.5178285256410257
0.5153245192307693
0.5132211538461539
0.5087139423076923
0.5017027243589743
0.5221354166666666
0.5303485576923077
0.530448717948718
0.5183293269230769
0.5088141025641025
0.5325520833333334
0.5388621794871795
0.5202323717948718
0.5440705128205128
0.5379607371794872
0.5402644230769231
0.5519831730769231
0.5406650641025641
0.5385616987179487
0.5397636217948718
0.5670072115384616
0.5211338141025641
0.5623998397435898
0.5467748397435898
0.5431690705128205
0.5625
0.5457732371794872
0.5605969551282052
0.5374599358974359
0.5813301282051282
0.5642027243589743
0.5605969551282052
0.5713141025641025
0.5654046474358975
0.5818309294871795
0.5582932692307693
0.5824318910256411
0.5880408653846154
0.5661057692307693
0.5778245192307693
0.5759214743589743
0.5860376602564102
0.5767227564102564
0.5973557692307693
0.5774238782051282
0.5978565705128205
0.5757211538461539
0.5956530448717948
0.5875400641025641
0.5988581730769231
0.5808293269230769
0.5936498397435898
0.5891426282051282
0.6145833333333334
0.5861378205128205
0.6115785256410257
0.5830328525641025
0.6048677884615384
0.60546875
0.5965544871794872
0.5983573717948718
0.6088741987179487
0.6103766025641025
0.6029647435897436
0.5961538461538461
0.600761217948718
0.6029647435897436
0.5997596153846154
0.6030649038461539
0.5992588141025641
0.6139823717948718
0.6016626602564102
0.6113782051282052
0.6006610576923077
0.6164863782051282
0.6078725961538461
0.6222956730769231
0.6263020833333334
0.6203926282051282
0.6150841346153846
0.6174879807692307
0.6245993589743589
0.6164863782051282
0.6294070512820513
0.6104767628205128
0.6378205128205128
0.6130809294871795
0.6265024038461539
0.609375
0.6330128205128205
0.6148838141025641
0.6230969551282052
0.6117788461538461
0.6266025641025641
0.6192908653846154
0.6309094551282052
0.6158854166666666
0.6300080128205128
0.6238982371794872
0.6342147435897436
0.6285056089743589
0.6304086538461539
0.6251001602564102
0.6172876602564102
0.6390224358974359
0.6242988782051282
0.6345152243589743
0.6416266025641025
0.6236979166666666
0.6340144230769231
0.6285056089743589
0.6449318910256411
0.6273036858974359
0.6426282051282052
0.6353165064102564
0.10016025641025642
0.10326522435897435
0.11077724358974358
0.12369791666666667
0.12249599358974358
0.11768830128205128
0.1123798076923077
0.11017628205128205
0.11368189102564102
0.11708733974358974
0.11858974358974358
0.12249599358974358
0.12610176282051283
0.12930689102564102
0.13481570512820512
0.14052483974358973
0.1461338141025641
0.15324519230769232
0.15815304487179488
0.1677684294871795
0.17518028846153846
0.18269230769230768
0.19000400641025642
0.1994190705128205
0.2052283653846154
0.2127403846153846
0.21985176282051283
0.22536057692307693
0.2322716346153846
0.2377804487179487
0.24358974358974358
0.24729567307692307
0.25370592948717946
0.2614182692307692
0.26382211538461536
0.26782852564102566
0.27323717948717946
0.2776442307692308
0.28175080128205127
0.28114983974358976
0.285556891025641
0.2865584935897436
0.28535657051282054
0.2890625
0.2906650641025641
0.29577323717948717
0.2984775641025641
0.3004807692307692
0.3027844551282051
0.30448717948717946
0.3078926282051282
0.31009615384615385
0.31099759615384615
0.308994391025641
0.3098958333333333
0.3135016025641026
0.31530448717948717
0.3174078525641026
0.3135016025641026
0.312900641025641
0.31260016025641024
0.3161057692307692
0.31360176282051283
0.3134014423076923
0.316005608974359
0.32091346153846156
0.3228165064102564
0.3230168269230769
0.3210136217948718
0.32441907051282054
0.3226161858974359
0.3219150641025641
0.324619391025641
0.32431891025641024
0.32632211538461536
0.32642227564102566
0.32802483974358976
0.32592147435897434
0.3262219551282051
0.3271233974358974
0.3311298076923077
0.3308293269230769
0.33223157051282054
0.3336338141025641
0.3369391025641026
0.3386418269230769
0.33804086538461536
0.339443108974359
0.34224759615384615
0.3434495192307692
0.34364983974358976
0.34224759615384615
0.34425080128205127
0.3446514423076923
0.34715544871794873
0.3460536858974359
0.34875801282051283
0.34985977564102566
0.3505608974358974
0.3505608974358974
0.35336538461538464
0.355068108974359
0.3563701923076923
0.3584735576923077
0.3586738782051282
0.35827323717948717
0.35857371794871795
0.35917467948717946
0.3602764423076923
0.36338141025641024
0.36378205128205127
0.36568509615384615
0.3664863782051282
0.36638621794871795
0.3694911858974359
0.370693108974359
0.37099358974358976
0.3723958333333333
0.3740985576923077
0.374599358974359
0.3764022435897436
0.3776041666666667
0.3802083333333333
0.3815104166666667
0.38461538461538464
0.38611778846153844
0.38431490384615385
0.38291266025641024
0.3848157051282051
0.3840144230769231
0.38521634615384615
0.386318108974359
0.3880208333333333
0.39012419871794873
0.3919270833333333
0.0999599358974359
0.2516025641025641
0.2887620192307692
0.24138621794871795
0.3190104166666667
0.3088942307692308
0.3568709935897436
0.34615384615384615
0.33613782051282054
0.3046875
0.3440504807692308
0.2939703525641026
0.40995592948717946
0.3655849358974359
0.3566706730769231
0.42427884615384615
0.38892227564102566
0.4237780448717949
0.3929286858974359
0.4433092948717949
0.36438301282051283
0.43579727564102566
0.3613782051282051
0.46564503205128205
0.41556490384615385
0.433193108974359
0.4082532051282051
0.4701522435897436
0.4225761217948718
0.4115584935897436
0.4638421474358974
0.3922275641025641
0.5115184294871795
0.48818108974358976
0.49278846153846156
0.45713141025641024
0.4600360576923077
0.4918870192307692
0.4349959935897436
0.5011017628205128
0.45072115384615385
0.5252403846153846
0.40404647435897434
0.4950921474358974
0.5397636217948718
0.4907852564102564
0.5141225961538461
0.4696514423076923
0.5124198717948718
0.49298878205128205
0.5138221153846154
0.5258413461538461
0.5235376602564102
0.5255408653846154
0.5058092948717948
0.549979967948718
0.4661458333333333
0.5440705128205128
0.4755608974358974
0.5112179487179487
0.5366586538461539
0.4823717948717949
0.5470753205128205
0.4791666666666667
0.5717147435897436
0.46424278846153844
0.5512820512820513
0.44701522435897434
0.5792267628205128
0.4504206730769231
0.5847355769230769
0.4987980769230769
0.5392628205128205
0.5690104166666666
0.5761217948717948
0.47636217948717946
0.5747195512820513
0.5191306089743589
0.575020032051282
0.49008413461538464
0.5770232371794872
0.4551282051282051
0.5671073717948718
0.48487580128205127
0.5962540064102564
0.461338141025641
0.48127003205128205
0.4723557692307692
0.0999599358974359
0.17818509615384615
0.16947115384615385
0.1404246794871795
0.17828525641025642
0.1819911858974359
0.18048878205128205
0.18529647435897437
0.14593349358974358
0.1773838141025641
0.19421073717948717
0.1697716346153846
0.11768830128205128
0.13241185897435898
0.12299679487179487
0.15174278846153846
0.11268028846153846
0.10226362179487179
0.12950721153846154
0.1413261217948718
0.17958733974358973
0.16235977564102563
0.11328125
0.1935096153846154
0.11298076923076923
0.2164463141025641
0.16606570512820512
0.20162259615384615
0.23788060897435898
0.20743189102564102
0.2224559294871795
0.24118589743589744
0.12830528846153846
0.26151842948717946
0.13451522435897437
0.31820913461538464
0.1424278846153846
0.2864583333333333
0.17307692307692307
0.1796875
0.18159054487179488
0.11788862179487179
0.20302483974358973
0.11448317307692307
0.18870192307692307
0.1141826923076923
0.21624599358974358
0.10727163461538461
0.1624599358974359
0.12129407051282051
0.2336738782051282
0.10767227564102565
0.1960136217948718
0.11147836538461539
0.2566105769230769
0.14623397435897437
0.2564102564102564
0.1819911858974359
0.26542467948717946
0.28756009615384615
0.24088541666666666
0.0999599358974359
0.2711338141025641
0.2532051282051282
0.2525040064102564
0.2913661858974359
0.25600961538461536
0.29667467948717946
0.25831330128205127
0.32011217948717946
0.2155448717948718
0.29747596153846156
0.0999599358974359
0.2286658653846154
0.13241185897435898
0.0999599358974359
0.0999599358974359
0.2747395833333333
0.2897636217948718
0.2737379807692308
0.0999599358974359
0.3254206730769231
0.0999599358974359
0.29407051282051283
0.0999599358974359
0.30649038461538464
0.14713541666666666
0.3115985576923077
0.0999599358974359
0.22295673076923078
0.11087740384615384
0.25600961538461536
0.13151041666666666
0.25110176282051283
0.1773838141025641
0.29086538461538464
0.0999599358974359
0.31640625
0.2819511217948718
0.29186698717948717
0.0999599358974359
0.24188701923076922
0.20562900641025642
0.19110576923076922
0.1935096153846154
0.19591346153846154
0.0999599358974359
0.21574519230769232
0.0999599358974359
0.23347355769230768
0.0999599358974359
0.23046875
0.24829727564102563
0.2024238782051282
0.2219551282051282
0.2309695512820513
0.2423878205128205
0.21193910256410256
0.0999599358974359
0.24328926282051283
0.2722355769230769
0.2513020833333333
0.0999599358974359
0.0999599358974359
0.0999599358974359
0.0999599358974359
0.0999599358974359
0.2127403846153846
0.2627203525641026
0.0999599358974359
0.0999599358974359
0.0999599358974359
0.0999599358974359
0.0999599358974359
0.24138621794871795
0.0999599358974359
0.26001602564102566
0.0999599358974359
0.24489182692307693
0.0999599358974359
0.0999599358974359
0.30709134615384615
0.11818910256410256
0.0999599358974359
0.20552884615384615
0.0999599358974359
0.0999599358974359
0.0999599358974359
0.21173878205128205
0.28435496794871795
0.0999599358974359
0.1791866987179487
0.21524439102564102
0.1974158653846154
0.16686698717948717
0.1374198717948718
0.1858974358974359
0.12289663461538461
0.14763621794871795
0.15705128205128205
0.11408253205128205
0.1268028846153846
0.12189503205128205
0.1422275641025641
0.11889022435897435
0.18499599358974358
0.1255008012820513
0.10086137820512821
0.13752003205128205
0.10757211538461539
0.11548477564102565
0.14022435897435898
0.13451522435897437
0.18068910256410256
0.1461338141025641
0.12620192307692307
0.12950721153846154
0.22385817307692307
0.1583533653846154
0.2800480769230769
0.1999198717948718
0.20783253205128205
0.21995192307692307
0.13451522435897437
0.2075320512820513
0.12289663461538461
0.15544871794871795
0.11748798076923077
0.1484375
0.11518429487179487
0.12399839743589744
0.11247996794871795
0.15274439102564102
0.16806891025641027
0.14673477564102563
0.19000400641025642
0.29016426282051283
0.19811698717948717
0.2629206730769231
0.24389022435897437
0.22526041666666666
0.22005208333333334
0.21574519230769232
0.308193108974359
0.22846554487179488
0.33834134615384615
0.24609375
0.26582532051282054
0.2822516025641026
0.26512419871794873
0.0999599358974359
0.34435096153846156
0.27794471153846156
0.3196113782051282
0.28926282051282054
0.25861378205128205
0.18860176282051283
0.0999599358974359
0.24649439102564102
0.23076923076923078
0.0999599358974359
0.1752804487179487
0.12530048076923078
0.17568108974358973
0.17197516025641027
0.1282051282051282
0.17538060897435898
0.10717147435897435
0.2361778846153846
0.10236378205128205
0.27033253205128205
0.1102764423076923
0.30068108974358976
0.10566907051282051
0.2909655448717949
0.0999599358974359
0.2247596153846154
0.19110576923076922
0.24919871794871795
0.21354166666666666
0.3033854166666667
0.21243990384615385
0.0999599358974359
0.19411057692307693
0.2949719551282051
0.21754807692307693
0.2977764423076923
0.24318910256410256
0.37510016025641024
0.20783253205128205
0.0999599358974359
0.1328125
0.21704727564102563
0.13030849358974358
0.0999599358974359
0.10757211538461539
0.0999599358974359
0.12029246794871795
0.30358573717948717
0.18299278846153846
0.33774038461538464
0.11398237179487179
0.36017628205128205
0.13391426282051283
0.0999599358974359
0.17568108974358973
0.0999599358974359
0.14703525641025642
0.0999599358974359
0.17457932692307693
0.25631009615384615
0.20643028846153846
0.26542467948717946
0.0999599358974359
0.0999599358974359
0.3753004807692308
0.0999599358974359
0.31720753205128205
0.2520032051282051
0.3262219551282051
0.27814503205128205
0.36899038461538464
0.0999599358974359
0.0999599358974359
0.29126602564102566
0.37810496794871795
0.20963541666666666
0.16005608974358973
0.0999599358974359
0.0999599358974359
0.0999599358974359
0.0999599358974359
0.20002003205128205
0.11578525641025642
0.20442708333333334
0.14653445512820512
0.0999599358974359
0.0999599358974359
0.24989983974358973
0.24739583333333334
0.0999599358974359
0.2798477564102564
0.304286858974359
0.3294270833333333
0.3350360576923077
0.35106169871794873
0.3382411858974359
0.3922275641025641
0.40775240384615385
0.3996394230769231
0.4032451923076923
0.4347956730769231
0.4342948717948718
0.4577323717948718
0.44751602564102566
0.46664663461538464
0.47315705128205127
0.4729567307692308
0.48547676282051283
0.48026842948717946
0.5096153846153846
0.480869391025641
0.5124198717948718
0.5131209935897436
0.5271434294871795
0.5236378205128205
0.5215344551282052
0.5367588141025641
0.5237379807692307
0.5549879807692307
0.5279447115384616
0.5459735576923077
0.5618990384615384
0.5591947115384616
0.5503806089743589
0.5690104166666666
0.5603966346153846
0.5665064102564102
0.5659054487179487
0.5874399038461539
0.5517828525641025
0.5922475961538461
0.5770232371794872
0.5991586538461539
0.565604967948718
0.6098758012820513
0.5848357371794872
0.5983573717948718
0.6003605769230769
0.6142828525641025
0.6144831730769231
0.5836338141025641
0.6201923076923077
0.5963541666666666
0.6158854166666666
0.6127804487179487
0.616386217948718
0.6224959935897436
0.6165865384615384
0.6415264423076923
0.6153846153846154
0.6365184294871795
0.6530448717948718
0.610176282051282
0.6501402243589743
0.6237980769230769
0.6358173076923077
0.6684695512820513
0.6048677884615384
0.6584535256410257
0.6352163461538461
0.6516426282051282
0.6438301282051282
0.6622596153846154
0.6615584935897436
0.6524439102564102
0.6848958333333334
0.6630608974358975
0.6537459935897436
0.6712740384615384
0.6713741987179487
0.6595552884615384
0.6680689102564102
0.6694711538461539
0.6637620192307693
0.6812900641025641
0.6993189102564102
0.6680689102564102
0.7045272435897436
0.6734775641025641
0.7041266025641025
0.7060296474358975
0.6794871794871795
0.7016225961538461
0.6721754807692307
0.7235576923076923
0.682792467948718
0.6974158653846154
0.7160456730769231
0.6864983974358975
0.7018229166666666
0.7118389423076923
0.6995192307692307
0.7044270833333334
0.6982171474358975
0.725761217948718
0.7015224358974359
0.7034254807692307
0.7085336538461539
0.6856971153846154
0.7328725961538461
0.7122395833333334
0.7264623397435898
0.6937099358974359
0.7093349358974359
0.7084334935897436
0.719551282051282
0.69921875
0.723457532051282
0.6900040064102564
0.7441907051282052
0.7116386217948718
0.7210536858974359
0.7406850961538461
0.7216546474358975
0.7332732371794872
0.7203525641025641
0.7115384615384616
0.7213541666666666
0.7059294871794872
0.7275641025641025
0.7310697115384616
0.7433894230769231
0.7345753205128205
0.7411858974358975
0.7203525641025641
0.7268629807692307
0.7286658653846154
0.7194511217948718
0.73828125
0.750801282051282
0.7178485576923077
0.7361778846153846
0.7447916666666666
0.7047275641025641
0.7507011217948718
0.7209535256410257
0.7384815705128205
0.7385817307692307
0.727363782051282
0.0999599358974359
0.2798477564102564
0.304286858974359
0.3294270833333333
0.3350360576923077
0.35106169871794873
0.3382411858974359
0.3922275641025641
0.40775240384615385
0.3996394230769231
0.4032451923076923
0.4347956730769231
0.4342948717948718
0.4577323717948718
0.44751602564102566
0.46664663461538464
0.47315705128205127
0.4729567307692308
0.48547676282051283
0.48026842948717946
0.5096153846153846
0.480869391025641
0.5124198717948718
0.5131209935897436
0.5271434294871795
0.5236378205128205
0.5215344551282052
0.5367588141025641
0.5237379807692307
0.5549879807692307
0.5279447115384616
0.5459735576923077
0.5618990384615384
0.5591947115384616
0.5503806089743589
0.5690104166666666
0.5603966346153846
0.5665064102564102
0.5659054487179487
0.5874399038461539
0.5517828525641025
0.5922475961538461
0.5770232371794872
0.5991586538461539
0.565604967948718
0.6098758012820513
0.5848357371794872
0.5983573717948718
0.6003605769230769
0.6142828525641025
0.6144831730769231
0.5836338141025641
0.6201923076923077
0.5963541666666666
0.6158854166666666
0.6127804487179487
0.616386217948718
0.6224959935897436
0.6165865384615384
0.6415264423076923
0.6153846153846154
0.6365184294871795
0.6530448717948718
0.610176282051282
0.6501402243589743
0.6237980769230769
0.6358173076923077
0.6684695512820513
0.6048677884615384
0.6584535256410257
0.6352163461538461
0.6516426282051282
0.6438301282051282
0.6622596153846154
0.6615584935897436
0.6524439102564102
0.6848958333333334
0.6630608974358975
0.6537459935897436
0.6712740384615384
0.6713741987179487
0.6595552884615384
0.6680689102564102
0.6694711538461539
0.6637620192307693
0.6812900641025641
0.6993189102564102
0.6680689102564102
0.7045272435897436
0.6734775641025641
0.7041266025641025
0.7060296474358975
0.6794871794871795
0.7016225961538461
0.6721754807692307
0.7235576923076923
0.682792467948718
0.6974158653846154
0.7160456730769231
0.6864983974358975
0.7018229166666666
0.7118389423076923
0.6995192307692307
0.7044270833333334
0.6982171474358975
0.725761217948718
0.7015224358974359
0.7034254807692307
0.7085336538461539
0.6856971153846154
0.7328725961538461
0.7122395833333334
0.7264623397435898
0.6937099358974359
0.7093349358974359
0.7084334935897436
0.719551282051282
0.69921875
0.723457532051282
0.6900040064102564
0.7441907051282052
0.7116386217948718
0.7210536858974359
0.7406850961538461
0.7216546474358975
0.7332732371794872
0.7203525641025641
0.7115384615384616
0.7213541666666666
0.7059294871794872
0.7275641025641025
0.7310697115384616
0.7433894230769231
0.7345753205128205
0.7411858974358975
0.7203525641025641
0.7268629807692307
0.7286658653846154
0.7194511217948718
0.73828125
0.750801282051282
0.7178485576923077
0.7361778846153846
0.7447916666666666
0.7047275641025641
0.7507011217948718
0.7209535256410257
0.7384815705128205
0.7385817307692307
0.727363782051282
0.0999599358974359
0.1840945512820513
0.2306690705128205
0.20142227564102563
0.15885416666666666
0.15494791666666666
0.1990184294871795
0.14783653846153846
0.19000400641025642
0.14423076923076922
0.11368189102564102
0.1450320512820513
0.10667067307692307
0.11508413461538461
0.12239583333333333
0.1486378205128205
0.1294070512820513
0.1031650641025641
0.12580128205128205
0.10096153846153846
0.1271033653846154
0.1482371794871795
0.1594551282051282
0.12800480769230768
0.18389423076923078
0.14443108974358973
0.13481570512820512
0.14032451923076922
0.1383213141025641
0.12530048076923078
0.25931490384615385
0.11598557692307693
0.25761217948717946
0.18599759615384615
0.25631009615384615
0.26642628205128205
0.15875400641025642
0.26171875
0.23187099358974358
0.11698717948717949
0.18529647435897437
0.10667067307692307
0.17227564102564102
0.15584935897435898
0.17678285256410256
0.1580528846153846
0.2102363782051282
0.12740384615384615
0.19100560897435898
0.0999599358974359
0.14393028846153846
0.15384615384615385
0.11268028846153846
0.23347355769230768
0.12780448717948717
0.22485977564102563
0.15064102564102563
0.0999599358974359
0.23127003205128205
0.24959935897435898
0.21294070512820512
0.2510016025641026
0.2631209935897436
0.22956730769230768
0.2904647435897436
0.0999599358974359
0.2366786858974359
0.21524439102564102
0.2668269230769231
0.26622596153846156
0.3226161858974359
0.35787259615384615
0.24989983974358973
0.305088141025641
0.24749599358974358
0.1814903846153846
0.3421474358974359
0.1599559294871795
0.0999599358974359
0.12920673076923078
0.15765224358974358
0.1479366987179487
0.12830528846153846
0.15064102564102563
0.10556891025641026
0.2387820512820513
0.16937099358974358
0.29607371794871795
0.24348958333333334
0.2503004807692308
0.20562900641025642
0.2384815705128205
0.21173878205128205
0.0999599358974359
0.0999599358974359
0.0999599358974359
0.18900240384615385
0.1872996794871795
0.21734775641025642
0.18048878205128205
0.10867387820512821
0.18419471153846154
0.0999599358974359
0.2306690705128205
0.1530448717948718
0.15334535256410256
0.0999599358974359
0.0999599358974359
0.0999599358974359
0.2899639423076923
0.19611378205128205
0.0999599358974359
0.0999599358974359
0.29076522435897434
0.19611378205128205
0.2219551282051282
0.2398838141025641
0.23948317307692307
0.23046875
0.0999599358974359
0.2398838141025641
0.0999599358974359
0.24188701923076922
0.0999599358974359
0.2093349358974359
0.21574519230769232
0.23056891025641027
0.25240384615384615
0.23567708333333334
0.1399238782051282
0.28926282051282054
0.0999599358974359
0.0999599358974359
0.0999599358974359
0.2880608974358974
0.0999599358974359
0.0999599358974359
0.0999599358974359
0.0999599358974359
0.0999599358974359
0.31270032051282054
0.0999599358974359
0.0999599358974359
0.0999599358974359
0.23407451923076922
0.25220352564102566
0.2249599358974359
0.1656650641025641
0.0999599358974359
0.12540064102564102
0.0999599358974359
0.265625
0.3177083333333333
0.0999599358974359
0.0999599358974359
0.0999599358974359
0.0999599358974359
0.0999599358974359
0.0999599358974359
0.0999599358974359
0.0999599358974359
0.0999599358974359
0.0999599358974359
0.0999599358974359
0.0999599358974359
0.09985977564102565
0.09985977564102565
0.09985977564102565
0.1015625
0.0999599358974359
0.16215945512820512
0.1750801282051282
0.21814903846153846
0.15544871794871795
0.1622596153846154
0.1452323717948718
0.21103766025641027
0.2242588141025641
0.2637219551282051
0.2743389423076923
0.2825520833333333
0.2642227564102564
0.34545272435897434
0.2839543269230769
0.26622596153846156
0.27954727564102566
0.23497596153846154
0.2757411858974359
0.25931490384615385
0.2725360576923077
0.3739983974358974
0.27323717948717946
0.2798477564102564
0.3512620192307692
0.300380608974359
0.2844551282051282
0.3495592948717949
0.31260016025641024
0.3997395833333333
0.3104967948717949
0.3645833333333333
0.2478966346153846
0.3515625
0.3809094551282051
0.3886217948717949
0.3505608974358974
0.4191706730769231
0.22986778846153846
0.32802483974358976
0.2675280448717949
0.348056891025641
0.3876201923076923
0.34324919871794873
0.39853766025641024
0.42357772435897434
0.2981770833333333
0.27944711538461536
0.37259615384615385
0.277744391025641
0.37890625
0.3506610576923077
0.3802083333333333
0.4398036858974359
0.3485576923076923
0.38301282051282054
0.33774038461538464
0.36728766025641024
0.3729967948717949
0.45032051282051283
0.34364983974358976
0.35376602564102566
0.3915264423076923
0.3311298076923077
0.3883213141025641
0.3423477564102564
0.4191706730769231
0.33122996794871795
0.33153044871794873
0.3764022435897436
0.370693108974359
0.3564703525641026
0.3644831730769231
0.3925280448717949
0.4110576923076923
0.3700921474358974
0.32752403846153844
0.36889022435897434
0.421474358974359
0.39242788461538464
0.35947516025641024
0.38040865384615385
0.3854166666666667
0.375
0.31650641025641024
0.35106169871794873
0.3909254807692308
0.3488581730769231
0.42978766025641024
0.46404246794871795
0.38201121794871795
0.4209735576923077
0.25500801282051283
0.29897836538461536
0.3386418269230769
0.40735176282051283
0.4071514423076923
0.35336538461538464
0.40574919871794873
0.42337740384615385
0.42007211538461536
0.4554286858974359
0.3193108974358974
0.4092548076923077
0.49719551282051283
0.4165665064102564
0.3777043269230769
0.3412459935897436
0.3700921474358974
0.3957331730769231
0.47185496794871795
0.4589342948717949
0.41065705128205127
0.3880208333333333
0.4127604166666667
0.40795272435897434
0.42518028846153844
0.32862580128205127
0.4423076923076923
0.2591145833333333
0.4768629807692308
0.3952323717948718
0.47205528846153844
0.2676282051282051
0.2633213141025641
0.4768629807692308
0.43689903846153844
0.34204727564102566
0.5068108974358975
0.453525641025641
0.4684495192307692
0.4664463141025641
0.422275641025641
0.4667467948717949
0.4280849358974359
0.4794671474358974
0.34985977564102566
0.4823717948717949
0.4612379807692308
0.4892828525641026
0.3922275641025641
0.41005608974358976
0.358974358974359
0.3847155448717949
0.4524238782051282
0.46875
0.43509615384615385
0.40294471153846156
0.41967147435897434
0.45592948717948717
