nan
2.0690703143676124
1.8989477734535167
1.8472650066400185
1.8243286659320195
1.7336799471806257
1.793088138103485
1.6531673979300718
1.6161254281416917
1.6259506723055472
1.6553168021715605
1.5280622488413103
1.5772708096565344
1.4979318882792423
1.5550356197815676
1.4321118904612002
1.4443131001331868
1.4657923533366277
1.4390648981699576
1.436343217889468
1.3564316985698848
1.401937337831045
1.4536822591072474
1.3216564372563973
1.2835644055635502
1.3266633193080242
1.3380653254496746
1.230423738559087
1.3746546130531874
1.252636385651735
1.3088014570948405
1.2469633997250826
1.292652992483897
1.1938389025819607
1.2983554360958247
1.1150298821620452
1.31296323125179
1.153758276349459
1.162201811105777
1.2097520096561847
1.177542955829547
1.1668970015568612
1.0918926480106819
1.121066768008929
1.1910528666698015
1.0862336101440282
1.095121141236562
1.0658973113466532
1.0196645485285
1.091896080913452
1.038666928998935
1.0401793636190586
1.0440265152316828
1.0144735227983732
1.0954521350944653
1.0296701445029333
1.0213693068004572
0.97153637988063
0.9954383957844514
0.9677331729386097
1.000191512875832
0.9928259449318434
0.9064856589031525
1.0899604602884023
0.8867899569181296
1.0100437152462127
0.9073966003190248
0.8998301655818255
0.961491402811729
0.956522244004867
0.9232312363500779
0.9117149676267917
0.9464778089179442
0.903915962538658
0.8657584936381915
1.0150311428766985
0.8166304257435676
0.9052154934750154
0.8878095854933445
0.8639738328563862
0.8316009988387426
0.9184534120827149
0.8589275713341359
0.9500471706000658
0.8670251251986394
0.9311230229452635
0.8233722817057219
0.9430369996489623
0.7700121333965888
0.8227350459649012
0.7966687265688028
0.8136182904052429
0.8842258953895324
0.8186647785970798
0.880166482944519
0.7905852827124107
0.7870245802287872
0.808129009623558
0.8188506881587017
0.7926123883479681
0.8059624067674844
0.7828417318180586
0.8324794696691709
0.7597360885105072
0.8139402907437239
0.7810568927954404
0.8120442156035167
0.8189205530171211
0.7837018687755634
0.8165755464862554
0.754327015999036
0.776303561261067
0.7675244511129
0.792348352380288
0.7553859885113362
0.8442244322445148
0.7157736141712238
0.8677090265047855
0.7180294890720875
0.7983131039027984
0.7053675989214426
0.8046346422380362
0.7165851936890528
0.7571497525160129
0.811888687694684
0.7667594779378328
0.7698751665556278
0.7803954128653575
0.7539041483631501
0.7245170431068311
0.7705760918175563
0.7545877875616918
0.7125209216028452
0.7081458826477711
0.746687266163719
0.7385497237436283
0.7667032298751366
0.7355039379535577
0.7229176117823675
0.7341965248760505
0.7177401979764303
0.7447149716317654
0.7346336448039764
0.6683738122288233
0.805846559552428
0.6790515717883141
0.6962726288116895
0.7464853539489783
0.7440797375180782
0.6712303078996066
###zkp_neg
nan
1.861742106003639
nan
1.6383110292446919
1.5234279861816993
1.5266386415713873
1.4723261545101802
1.4027590222465687
1.3255660214867346
1.339048380844104
1.3216951170410864
1.2581047549461708
1.253404524272833
1.1796545520042763
1.2056205259301724
1.1516225618811755
1.1455883257664168
1.0919347793245926
1.1142784221432147
1.0753550777832668
1.0854539609490297
1.0447872510323157
1.0198668854740949
0.9769165682104918
1.0541071565105364
0.9687829130353072
0.9617338052544838
0.9865832762458385
0.910379942602072
1.0129794243436594
0.9371122867824175
0.9178890854311295
0.916589652116482
0.9000072527008179
0.9042319463422666
0.8627729008022027
0.8754038392351224
0.8886628201565682
0.8184408254157274
0.9145123352989172
0.8345483743036405
0.8323436710887995
0.8268761795300704
0.799024159900653
0.9091885786216992
0.8014992425839106
0.8264127657390558
0.8169003175810362
0.8172467081592634
0.7617269668441552
0.8041227367252876
0.7783374673663042
0.8071831751328248
0.7688160916933646
0.7883458275061387
0.7569286900644119
0.7228100524307826
0.7535173929272554
0.743227190982837
0.7551089784082694
0.7457159774807783
0.7353724545966356
0.6976328577177647
0.7322311298205302
0.6990017851766868
0.7346635408317431
0.699350400803945
0.7099089161134683
0.7560958222318919
0.7242505768170724
0.7554558325463381
0.6824871477408286
0.6889359489656411
0.7297167949951612
0.7527711893885564
0.6883624148292419
0.6857019160420467
0.6774596292047929
###malicious-2250
nan
nan
nan
nan
nan
nan
nan
nan
nan
nan
nan
nan
nan
nan
nan
nan
nan
nan
nan
nan
nan
nan
nan
nan
nan
nan
nan
nan
nan
nan
nan
nan
nan
nan
nan
nan
nan
nan
nan
nan
nan
nan
nan
nan
nan
nan
nan
nan
nan
nan
nan
nan
nan
nan
nan
nan
nan
nan
nan
nan
nan
nan
nan
nan
nan
nan
nan
nan
nan
nan
nan
nan
nan
nan
nan
nan
nan
nan
nan
nan
nan
nan
nan
nan
nan
nan
nan
nan
nan
nan
nan
nan
nan
nan
nan
nan
nan
nan
nan
nan
nan
nan
nan
nan
nan
nan
nan
nan
nan
nan
nan
nan
nan
nan
nan
nan
nan
nan
nan
nan
nan
nan
nan
nan
nan
nan
nan
nan
nan
nan
nan
nan
nan
nan
nan
nan
nan
nan
nan
nan
nan
nan
nan
nan
nan
nan
nan
nan
nan
nan
nan
nan
nan
nan
nan
nan
nan
nan
nan
###no_check_pos_10
2.185816093897208
2.185816093897208
2.0474046820249314
1.9700697920261285
nan
nan
nan
nan
nan
nan
nan
3.4752673361545954
3.2443621571247396
3.1828190707243404
3.0174940625826516
5.486648770479055
###debug_BN
3.4752673361545954
3.2443621571247396
3.1828190707243404
3.0174940625826516
5.486648770479055
2.9350785273007856
5.005282916319676
1.898449109150813
13.525082245851175
2.1781209034797473
4.46674444889411
2.494652101244682
3.7506047655374575
2.7562787051384268
4.1248720700924215
3.0382514603627033
2.518626031203148
2.036826947942758
1.71979463329682
1.919434518004075
1.6106727877870584
3.1524337239754505
1.9126545710441394
1.7167152353586295
2.063762362186725
1.974102249321265
1.9993898505583787
3.039630929246927
2.5092027149139304
4.419327753476607
3.0046274730792413
5.211166650821001
3.4717251635514774
5.966843804487815
2.486699417615548
3.2705518503983817
3.4198002165708785
2.5765425589604254
3.24177578664743
3.530314320937181
2.633917449758603
4.478268575209838
3.12321503727864
5.2220149368811875
2.479854174531423
3.005838453387603
1.8891457143502357
5.280967794167689
1.826493617815849
6.011715675775822
4.413313951247778
3.739910309131329
3.520074310975197
2.8102566431730223
2.8747784151480746
3.1114983577758837
1.466661314933728
2.684898133461292
1.3624226311460519
2.561966530023477
1.7235019317804239
2.9695072831251683
2.0983067294343924
2.258362475113991
1.5038789904270418
3.006435037805484
1.271247895482259
2.8246684888234506
1.3751896675198505
2.8941315848093767
1.9658243316106307
2.850763430962196
3.1328132144915752
2.7126426001389823
4.191377256925289
2.9347065274532023
3.784520427003885
3.7468847915148125
2.34557875035665
7.811452008210695
1.547864362406425
6.213877551066569
1.5873141057598286
8.567045410474142
1.737826453569608
5.8856697395826
1.214721496670674
6.04915711742181
1.8038482012657018
4.823250516867026
1.8842879507022026
5.648341350830519
1.7101069835898204
4.241867086062064
1.3450015578896573
2.9733923413814645
1.4798820842152987
3.572973738878201
1.7486313369411688
3.365986562692202
2.230238159497579
4.306594679752986
1.6636238654072468
3.9730421128945475
1.5951461725128002
4.495841650626598
1.7783824833921897
4.673600420737878
1.997705448132295
3.2270838687053094
1.5855524287774012
3.8711984172845497
2.2947366413397665
4.723630257141896
2.7331102383442416
2.569614800123068
1.681446593732406
1.8339510949758382
3.911623931848086
4.145169880145636
5.687835953174493
7.490657248558143
4.6839263286346045
3.377756491685525
2.1129028453276706
2.542813230019349
2.2204374136068883
1.8841836905250182
2.526657250447151
5.553727234021212
2.6524924028378267
7.546455427622184
1.657991042886025
4.877303145634822
1.9501681599097374
7.975720880887447
3.452869865374687
7.274859957205943
3.3470001201599073
9.109511153820234
2.252157898667531
10.220224531797262
2.047976474731396
11.607915956240435
1.6952451028120823
11.024497366868532
2.1041266047037563
6.434815126351821
1.3534899000556042
5.7493965503497
###no_check_pos
2.4047559102376304
2.359210287913298
2.306338603297869
2.2710803265754995
2.26682934547082
2.2707663086744456
2.188777756232482
2.2112536483850236
2.1228850915645943
2.2008120138675737
2.120176145663628
2.094698727512971
2.1426928681440844
2.128045122210796
2.0661793446693664
2.0659744514104648
2.1044834764339986
2.0153269232847753
2.0418319140489283
2.0097941301572018
2.0026290890498037
2.0296748406611957
2.050786009583718
2.017002916870973
1.995718898299413
2.054862509553249
2.074256984087137
2.0476622734314356
1.9177413063171582
2.006802288003457
2.0140495670911593
1.9327813669657097
2.045845526151168
1.925655959508358
1.9895555403752205
1.9119959030395899
2.0068586480159025
1.899749327928592
1.8627794958077943
1.8518197513543642
1.9620634611600485
1.9530916401208975
1.8579612764028401
1.8578840578213716
1.9693239889083765
1.9176220458287458
1.8701313749337807
1.9959215227610025
1.8724371603666208
1.8242515145968168
1.8705395830747409
1.7874690267520073
1.8220327076239464
1.8867162072505705
1.8287125600454135
1.8887933374215395
1.9491833727329204
1.843093100266579
1.8503859299115646
1.8733148479308837
1.8755773470187798
1.809591946311486
1.9652386884658763
1.8937257008674817
1.9504373589387307
1.7759261012841494
1.827596325140733
1.8580135687803612
1.9193754647022638
1.838050759373567
1.9266778356753862
1.8006884127091138
1.8519524546005788
1.8287133570664968
1.8646738892182326
1.882772303544558
1.766656261224013
1.9257042098503847
1.863219903447689
1.8240858881901472
1.8588663045412455
1.9256478192714543
1.9414198283965771
1.824206285751783
1.7593849862997348
1.7398711507901168
1.7669980373138037
1.974103461473416
1.8696300872625449
1.9235196583546126
1.8663668445287607
1.7876368080958343
1.8559704484083714
1.842752842948987
1.7326158224008021
1.8577756090806081
1.9508712746393986
1.8124984101607249
1.8196102384573374
1.8910085616203456
1.8971472283204396
1.7771454409529002
1.7242070512893872
1.7508408568608456
1.8819449563056996
1.761756488145926
1.7271247731569486
1.812482693256476
1.952867689423072
1.860069290185586
1.81519310711286
1.8255999252582207
1.8081683363669958
1.795314101454539
1.8077875093007698
1.720516134913151
1.8521297058233848
1.875812062086203
1.8392880100470324
1.7732071693126972
1.771398897163379
1.7716700379283001
1.8945166648198397
1.7910604553344922
1.6910923919998682
1.6444068749745686
1.7434429545433094
1.9365572914099083
1.714250650925514
1.8657458852498958
1.6908672627730248
1.6765959492096534
1.796185317520912
1.7621245284875233
1.847642326202148
1.7893210781308322
1.7195014791228833
1.7425985214037774
1.9068534427728407
1.718313140555834
1.817600266291545
1.7376106497951043
1.8014565826608584
1.7208717568562582
1.758267812239818
1.6856568820583515
1.7058917578214254
1.9024352847765653
1.7456899443880105
1.7606462593644092
###no_check_neg
nan
2.0476671862296567
1.9006308259872289
1.851936155022719
1.820694652123329
1.7362676717531986
1.8385157745618086
1.6484598964452744
1.6238532207715206
1.6381020247936249
1.6542936452688315
1.5301675253953688
1.5986866973913634
1.5007244144112637
1.5805740757630422
1.4653605129092167
1.4783485757234769
1.4305403192455952
1.467183150542088
1.405849695014648
1.3478489827651243
1.3799106379350026
1.4449542766580215
1.3008889334324079
1.297038537951616
1.3307374448348315
1.3334660249260755
1.240898155249082
1.3805015776783993
1.2491241806210616
1.3298942192624776
1.2213255650339983
1.2559754355595663
1.2108639239882812
1.262044796003745
1.1326169098416965
1.2876511808389273
1.1738722364489849
1.1658622542252908
1.2220290736892285
1.2037835291180856
1.160926571259132
1.092629296084245
1.1010373221376004
1.1667240787393007
1.0932111219526865
1.0877553425156152
1.1189668763142366
1.0285260193049908
1.1090506795698252
1.0329237855397737
1.0727840341054475
1.079956064048486
1.0051117315888405
1.0847959600580044
1.0120113464311147
1.0650865293275087
0.970514689404995
1.0094833345367358
1.000985682870333
0.9730369748595433
1.0202421286167243
0.9401162186494241
1.0752512445816627
0.9367358255653809
1.0220094113968885
0.9185073720530058
0.9047315191382017
0.9993851081683085
0.9447396916265671
0.9598169759489023
0.9122178891721444
0.9605547609046484
0.9268221117747135
0.8656722611914842
1.0021648249373987
0.8230866184219335
0.8992760086861941
0.8772502882549396
0.9106366471029245
0.8221949680875509
0.9237903520846978
0.8528527806584651
0.9283424739081126
0.8676812411882938
0.891651877703575
0.8572021558498725
0.9075854435945169
0.8227611018870121
0.8342585866458905
0.8150333237762635
0.811525359749794
0.8800497746620423
0.8216912254500084
0.8687799783089222
0.8168557355037103
0.7916798515197558
0.8157496502957283
0.7643369565216395
0.8339961639199501
0.8053595867867653
0.796817231636781
0.8452427939344676
0.7496593019519097
0.8973569148817123
0.7765726026816245
0.8111887442377897
0.7965614931323589
0.8380749323047124
0.812556535578691
0.7697607840483005
0.8428416958986185
0.7255634204126321
0.8108674312631289
0.7597508033116659
0.8318486981667005
0.705810793221761
0.9194199547935755
0.7120726653971733
0.820364744330828
0.6932425815134476
0.7932327557832767
0.74565653092204
0.7741342711334045
0.8136379377773175
0.781543530523777
0.7487224119787033
0.7793179255647537
0.767395098048907
0.7346535293528667
0.7643204755507983
0.7155586170653502
0.7094683827689061
0.6911103121745281
0.7370641696720551
0.7388349597652754
0.7942755586252763
0.7596443620247718
0.762099526440486
0.7481335208584101
0.7239905169759041
0.7298273585545711
0.7321041481426129
0.686570997039477
0.7739954696824918
0.6935862495731084
0.7042705285816621
0.7063791932394872
0.7258065914114317
0.6849486076105864
###strict_neg
nan
2.9259625539565697
5.223680226466595
3.3275425816193605
nan
2.9259625539565697
5.223680226466595
3.3275425816193605
8.154446271749643
3.263836552699407
9.129149814446768
3.8272965978353453
14.17728401758732
3.6112687977460713
6.472259721694848
4.847517963403311
16.029951049731327
3.810968327216613
14.965528106078123
4.1334939278089085
17.831178995279167
6.249698726030497
7.232522493753677
8.857514775716341
3.824986321039689
7.750065105083661
4.763344460572952
4.611324683978007
6.262952951284555
3.8645589638214846
4.745761647438392
4.884502922877287
2.7350370322282496
6.529278402909254
3.309003615226501
3.562032230389424
13.623987968151386
3.4125453860331803
9.361101436309326
2.793001201290351
11.011050846332159
4.945949732493132
6.672181722445366
10.066041671312773
6.1287777576691065
11.747530032426884
6.076859547541692
11.801062748982357
5.975717769983487
15.042584782991653
4.846247705129477
17.011383356192173
5.769354263177285
13.393855880468319
4.5390222278925085
17.135095721636063
3.59427680571874
18.388295934750484
3.286154182293476
13.72516360344031
3.2066506823668113
7.2732916336793165
3.30599091679622
4.280954222648572
3.319053827187954
nan
3.9141831191686483
3.816694824359356
7.276444369401688
3.1718110744005594
8.261313386452503
3.2162537651184278
6.312884943607526
3.7505240597021885
7.450053890546163
4.51586433328115
nan
7.834294733328697
11.2967388798029
nan
nan
5.9580573088083515
4.620645596430852
4.123406624182676
nan
4.36265029433446
nan
4.932236321461507
nan
4.546311305119441
13.758384212469442
3.049882153287912
nan
3.4381719009998517
23.508612082554745
3.5257920836791015
14.708987083190527
5.143449856684758
8.075801643041464
4.8460170450883036
nan
3.816338321337333
6.360808490942686
3.0209217824232883
nan
4.7241247571431675
6.845134628124726
8.838402546369112
6.0607176293165255
7.799296388259301
nan
6.592981052704347
nan
6.942058871953916
nan
9.650793100014711
6.141744113121277
6.582790698760595
5.58717263967563
6.382235209147136
5.00197172546998
6.761181386617514
nan
5.835334874116457
6.65185086390911
4.713892875573574
nan
nan
nan
nan
nan
7.8683492709428835
4.337856757335174
nan
nan
nan
nan
nan
4.349338964774058
nan
5.742845784395169
nan
6.424161369983967
nan
2.9259625539565697
5.223680226466595
3.3275425816193605
8.154446271749643
3.263836552699407
9.129149814446768
3.8272965978353453
14.17728401758732
3.6112687977460713
6.472259721694848
4.847517963403311
16.029951049731327
3.810968327216613
14.965528106078123
4.1334939278089085
17.831178995279167
6.249698726030497
7.232522493753677
8.857514775716341
3.824986321039689
7.750065105083661
4.763344460572952
4.611324683978007
6.262952951284555
3.8645589638214846
4.745761647438392
4.884502922877287
2.7350370322282496
6.529278402909254
3.309003615226501
3.562032230389424
13.623987968151386
3.4125453860331803
9.361101436309326
2.793001201290351
11.011050846332159
4.945949732493132
6.672181722445366
10.066041671312773
6.1287777576691065
11.747530032426884
6.076859547541692
11.801062748982357
5.975717769983487
15.042584782991653
4.846247705129477
17.011383356192173
5.769354263177285
13.393855880468319
4.5390222278925085
17.135095721636063
3.59427680571874
18.388295934750484
3.286154182293476
13.72516360344031
3.2066506823668113
7.2732916336793165
3.30599091679622
4.280954222648572
3.319053827187954
nan
3.9141831191686483
3.816694824359356
7.276444369401688
3.1718110744005594
8.261313386452503
3.2162537651184278
6.312884943607526
3.7505240597021885
7.450053890546163
4.51586433328115
nan
7.834294733328697
11.2967388798029
nan
nan
5.9580573088083515
4.620645596430852
4.123406624182676
nan
4.36265029433446
nan
4.932236321461507
nan
4.546311305119441
13.758384212469442
3.049882153287912
nan
3.4381719009998517
23.508612082554745
3.5257920836791015
14.708987083190527
5.143449856684758
8.075801643041464
4.8460170450883036
nan
3.816338321337333
6.360808490942686
3.0209217824232883
nan
4.7241247571431675
6.845134628124726
8.838402546369112
6.0607176293165255
7.799296388259301
nan
6.592981052704347
nan
6.942058871953916
nan
9.650793100014711
6.141744113121277
6.582790698760595
5.58717263967563
6.382235209147136
5.00197172546998
6.761181386617514
nan
5.835334874116457
6.65185086390911
4.713892875573574
nan
nan
nan
nan
nan
7.8683492709428835
4.337856757335174
nan
nan
nan
nan
nan
4.349338964774058
nan
5.742845784395169
nan
6.424161369983967
nan
nan
4.597890239495498
8.804808761828985
nan
7.566880271984981
nan
nan
nan
11.642546951770782
3.751668679408538
70552349.48717949
77839524220.71794
345752.7205028045
3006940.066105769
38938.545835837336
149.66916133195926
2696.195798824995
229.39442069713886
562.7994070297633
10.949419070512821
572.5256609305358
23.645302538688366
116.65661919116974
9.360889213207441
30.257103589864876
39.245820968579025
217.4301029841105
33.098401858256416
135.9732725681403
17.582277583770264
173.63768394176776
4.366749561749971
10.165576231785309
3.6116789617599587
5544.3966064453125
27.188340425491333
368.01970550341485
30.15657494007013
10.482439261216383
7.296032304947193
137.95009083625598
8.744264882344465
4.106775260124451
34.76341561782054
17.26460428421314
10.256804483059126
21.343477450884304
19.159672584289158
13.061753381521275
11.739507817305052
119.9915521083734
9.267489190285023
337.31828332558655
9.219511453921978
7.185731939780406
27.11639638436146
6.065364238543388
5.714656172654568
4.908342603689585
16.71047463478186
49.59540661176046
11.100983579953512
89.98651273433978
28.23700371766702
91.33204314647577
614.3514521183112
5.2656269531983595
9.71971589479691
4.487233153520486
8.235355880015936
35.9859888339654
24.8456282386413
3.996929962665607
23.645844211945168
74.6128004514254
4.964745824153606
4.685765385627747
9.72746857160177
4.784607732143158
10.710618012990707
5.266524679385698
77.83919451175592
5.229267643812375
6.99226144873179
7.780849267274905
4.225949167441099
23.39961825272976
18.703430450879612
45.28231386649303
30.82026684589875
21.957999143844997
7.679071718301529
8.890037284447597
12.769317973882725
24.703904587488907
6.230718123607146
31.701731590124275
13.702843762361086
11.609837260001745
182.0713278941619
907.8097319969764
6.535819062819848
39.11983614701491
3.1378916868796716
8.083048256543966
9.369218749877733
66.31003122451978
17.967644364405903
96.05047199053642
25.582167784372967
12.71338740373269
33.2933099208734
29.131013503441444
22.83250661385365
5.866265119650425
31.915574862406803
25.21837148910914
14.349676590699415
76.81107431802994
26.109717949842796
168.76148011134222
23.49358672209275
5.71481806727556
7.304049404003681
11.343570024539263
19.982744864928417
27.60313939436888
44.75551824080638
13.340435000566336
7.244251303183726
27.1689705604162
42.680462996164955
7.7844589948654175
136.53603393603595
4.337387076555154
11.461600645994528
16.24113677862363
15.309805445182018
8.382042591388409
19.821012691045418
5.895217454586273
8.204830539532196
18.213205786851738
9.056874849857428
10.993262630242567
9.190712213516235
27.616399697768383
11.552124769259722
6.721338178866949
21.711991551594856
11.443358615422861
13.390441601092999
8.407099063579853
7.661882836085099
29.110064714382855
28.133877635002136
104.46215277451735
5.173990584336794
48.9433400508685
19.18727134435605
2.136224946532494
2.0997539842740083
2.08636266604448
2.08785287462748
2.103493578923054
2.1190882313709993
2.062118090880223
2.083494869944377
2.04630138247441
2.0285310389903874
1.9934381418503249
1.9907880410169945
2.006945925645339
1.9837064895874414
2.0081698351945634
1.9663587013880413
1.9998105519857161
2.023817886526768
2.0261244819714475
2.046708004023784
2.068137013950409
2.0667853861665115
2.045978652934233
2.0623016023100953
2.016082861675666
2.011446596147158
2.0333406820129127
2.0710439932269926
2.021382775826332
2.066442211277974
2.0326107646792364
2.0560778039388166
2.05403034389019
2.066493722108694
2.1000415063821354
2.0857244046070638
2.103413113225729
2.071661471365354
2.0901180752194843
2.0481610336364846
2.0865230061686955
2.0853658058704476
2.121428381365079
2.1008877282341323
2.0808142689176097
2.1018843354705052
2.139641040792832
2.117290312854143
2.0938298788208227
2.1099496944210467
2.129343911432303
2.1276218253068433
2.0986662266346126
2.138186278633582
2.0798646381650214
2.091370354287135
2.065119126286262
2.13013681750267
2.1018470262105646
2.071946695446968
2.130275843044122
2.1199810906098437
2.134662653964299
2.1631966093793893
2.161682647963365
2.1657390678540254
2.1380830069000902
2.158783293878421
2.152222689527732
2.132097252477438
2.1045316012623982
2.165105376106042
2.091258140328603
2.1130914472234554
2.1509128029529867
2.195961169516429
2.1922993990473256
2.160361951742417
2.193393573929102
2.2313264405880218
2.2237906066270976
2.19485588486378
2.2187360318807454
2.1662933566631417
2.1925801661534186
2.145309153275612
2.1266688011013546
2.1116667875112634
2.1757869263872123
2.1655325681353226
2.2105993328568263
2.2279165476942673
2.208586673037364
2.165885763672682
2.1409718046585717
2.198330174271877
2.1799208903924012
2.222187915482582
2.1754250275209928
2.203906905001555
2.2628775036487823
2.1183911829422684
2.21051229402805
2.1519653669152503
2.2332990047259207
2.1969284121042643
2.241036284428376
2.1989460608515983
2.1820204691627088
2.2164219319820404
2.2062072687042065
2.2559723426134157
2.19847863415877
2.219288796186447
2.2066717819334607
2.197222656164414
2.2160383506845207
2.230740093649962
2.2033714451468907
2.1943718613340306
2.190864006296182
2.1781644259507837
2.2088464714395695
2.237994800393398
2.222073382483079
2.2077217833736005
2.2346109753617873
2.25408454793386
2.2618099504556413
2.240600493282844
2.2188525868531985
2.215420209062405
2.239419834736066
2.2225895574650703
2.207648842762678
2.2125730665448384
2.2490230351686478
2.259512760891364
2.2514885805356197
2.2615219020308595
2.306970726985198
2.3090928863638487
2.2826587045804048
2.282212626284514
2.258295826995984
2.252051750054726
2.322989356250335
2.23776995887359
2.2638962971858487
2.217699408531189
nan
nan
nan
nan
nan
nan
nan
nan
nan
nan
nan
nan
nan
nan
nan
nan
nan
nan
nan
nan
nan
nan
nan
nan
nan
nan
nan
nan
nan
nan
nan
nan
nan
nan
nan
nan
nan
nan
nan
nan
nan
nan
nan
nan
nan
nan
nan
nan
nan
nan
nan
nan
nan
nan
nan
nan
nan
nan
nan
nan
nan
nan
nan
nan
nan
nan
nan
nan
nan
nan
nan
nan
nan
nan
nan
nan
nan
nan
nan
nan
nan
nan
nan
nan
nan
nan
nan
nan
nan
nan
nan
nan
nan
nan
nan
nan
nan
nan
nan
nan
nan
nan
nan
nan
nan
nan
nan
nan
nan
nan
nan
nan
nan
nan
nan
nan
nan
nan
nan
nan
nan
nan
nan
nan
nan
nan
nan
nan
nan
nan
nan
nan
nan
nan
nan
nan
nan
nan
nan
nan
nan
nan
nan
nan
nan
nan
nan
nan
nan
nan
nan
nan
nan
nan
nan
nan
nan
nan
nan
nan
nan
nan
nan
nan
nan
nan
nan
nan
nan
nan
nan
nan
nan
nan
nan
nan
nan
nan
nan
nan
nan
nan
nan
nan
nan
nan
nan
nan
nan
nan
nan
nan
nan
nan
nan
nan
nan
nan
nan
nan
nan
nan
nan
nan
nan
nan
nan
nan
nan
nan
nan
nan
nan
nan
nan
nan
nan
nan
nan
nan
nan
nan
nan
nan
nan
nan
nan
nan
nan
nan
nan
nan
nan
nan
nan
nan
nan
nan
nan
nan
nan
nan
nan
nan
nan
nan
nan
nan
nan
nan
nan
nan
nan
nan
nan
nan
nan
nan
nan
nan
nan
nan
nan
nan
nan
nan
nan
nan
nan
nan
nan
nan
nan
nan
nan
nan
nan
nan
nan
nan
nan
nan
nan
nan
nan
nan
nan
nan
nan
nan
nan
nan
nan
nan
nan
nan
nan
nan
nan
nan
nan
59467953.65384615
197450917.3846154
23842561.153846152
45905949.94871795
35528407.60897436
74827888.98717949
2.302806093142583
2.2381164928277335
2.236532906309152
2.2739277363587647
2.295948848128319
2.3199610920288625
2.362074078657688
2.364044187160639
2.3223780278976145
2.3019710840323033
2.325504714097732
2.224421587127906
2.2895379666334543
2.2957179301824326
2.309652258952459
2.29548309972653
2.2826983645940437
2.2910873056986394
2.311230479906767
2.3145800026563497
2.200542551966814
2.2245976644066663
2.302691711829259
2.2147172267238298
2.2698110284713597
2.2730487023408594
2.3053110948739906
2.205037189790836
2.291732064806498
2.2572666769608474
2.3267734446204624
2.2005493169029555
2.3985250745064173
2.2056794027105355
2.2862514566916685
2.159654326354846
2.2677283288958745
2.23612942164525
2.1873937098261638
2.2657742408605723
2.194735562381072
2.2084424979029555
2.2721402387206373
2.33855719348559
2.228216801507351
2.2313458827825694
2.238261610842668
2.2680417423446975
2.190153429714533
2.135385405749847
2.30206847935915
2.2041490706495748
2.2727783620357513
2.2266502164495297
2.241260268367254
2.1554320708681374
2.260829600577171
2.111988596427135
2.278213032736228
2.155323937917367
2.25386683203471
2.2378826343860383
2.1938092874792905
2.3043610275937962
2.1137534943528666
2.229203031040155
2.2767137399850745
2.126882394345907
2.2218859088726535
2.184044841772471
2.2416570971791563
2.1530106214758677
2.211612313794784
2.262042268919639
2.125354994183932
2.206617844028351
2.1719233949597063
2.197593313570206
2.208743772827662
2.278753517720944
2.249559620443063
2.2385633501868982
2.1964761081796427
2.267183800538381
2.177376502408431
2.221942519530272
2.1806427798210044
2.161775569885205
2.1378016617053595
2.1693970614518876
2.229836799777471
2.174497340543148
2.2456487227135744
2.248461247445681
2.2177641275219426
2.2086453825617447
2.2031592092452903
2.281726256490518
2.2719417552535353
2.2320488401903558
2.227285059216695
2.1905487284828453
2.186294460334839
2.2439716401963663
2.2847722531893315
2.111835821889914
2.1628886414453006
2.183695083627334
2.181088920109547
2.2467097010558996
2.1813631205795665
2.1937391714025765
2.09656696069317
2.339572118834043
2.1930786474392963
2.1503572495510945
2.3004599675918236
2.2557011109132032
2.2511040381132026
2.2087232030163975
2.143172464500635
2.237567749160987
2.0866080633340736
2.2532367925995436
2.158373050009593
2.1666943468153477
2.192634363969167
2.258715913559382
2.239330912629763
2.2445453943159337
2.1418631271674085
2.221797588830575
2.1874112617702055
2.199225104581087
2.1468752197539196
2.206432058643072
2.170428047195459
2.189175722690729
2.2804249118153868
2.207969349068709
2.207555266049428
2.232382637090408
2.1725202369002194
2.0964551142966137
2.2702158093452454
2.1503342284988136
2.2259974558957114
2.139472806491913
2.2785576375631185
2.2105115939600344
nan
nan
nan
nan
nan
nan
nan
nan
nan
nan
nan
nan
nan
nan
nan
nan
nan
nan
nan
nan
nan
nan
nan
nan
nan
nan
nan
nan
nan
nan
nan
nan
nan
nan
nan
nan
nan
nan
nan
nan
nan
nan
nan
nan
nan
nan
nan
nan
nan
nan
nan
nan
nan
nan
nan
nan
nan
nan
nan
nan
nan
nan
nan
nan
nan
nan
nan
nan
nan
nan
nan
nan
nan
nan
nan
nan
nan
nan
nan
nan
nan
nan
nan
nan
nan
nan
nan
nan
nan
nan
nan
nan
nan
nan
nan
nan
nan
nan
nan
nan
nan
nan
nan
nan
nan
nan
nan
nan
nan
nan
nan
nan
nan
nan
nan
nan
nan
nan
nan
nan
nan
nan
nan
nan
nan
nan
nan
nan
nan
nan
nan
nan
nan
nan
nan
nan
nan
nan
nan
nan
nan
nan
nan
nan
nan
nan
nan
nan
nan
nan
nan
2.2732201306483684
2.2239841853196802
2.294730385908714
2.3072643807301154
2.3358870259462257
2.37292019984661
2.3613561609616647
2.3022003785157814
2.3263872464497886
2.352898955345154
2.2248040640201325
2.2809552378379383
2.237301691602438
2.3243442002015238
2.3036298874096994
2.283812546195128
2.302746091133509
2.282612002048737
2.3015233736771803
2.1702361160363908
2.2549173545378904
2.320011188968634
2.201598061965062
2.2985509618734703
2.2693222092512326
2.356490512306874
2.1680043083735003
2.3156920478512077
2.232537098802053
2.3562444964280496
2.185310465212052
2.3857555062724995
2.12468492717315
2.337011314737491
2.1527864678930015
2.2673957957289157
2.238312447682405
2.198218174660817
2.272586769018418
2.1851700584475813
2.2339473395393443
2.2408833515185576
2.2761264089972544
2.263234792229457
2.241114787566356
2.2259879492414303
2.287095311551522
2.1788007689592166
2.1444315753686123
2.284360909500183
2.2534670071342053
2.259914818864602
2.2107438288438015
2.290484273280853
2.121702053034917
2.3918854735600643
2.114280546704928
2.2905465519199004
2.17859702423597
2.2595474595824876
2.275790153978727
2.2488594316901307
2.3204692770273256
2.124060346530034
2.2707736604870896
2.2136050909757614
2.1715527440492925
2.214836173905776
2.227843332558106
2.266395120475537
2.2286920549395757
2.2082932356458445
2.285957566820658
2.204441310503544
2.273072199179576
2.177727316052486
2.1837075448189025
2.225250942202715
2.3507524854861774
2.263830862366236
2.29192737585459
2.2081820541658463
2.3702997911052828
2.1980925297889953
2.297305208941301
2.2497147235732813
2.2436604345074067
2.1622675261818447
2.2543703814347587
2.3055985770546474
2.2441772140371494
2.326457454321476
2.257499574468686
2.2964520920545626
2.3073292017365112
2.1830415211808987
2.327083625090428
2.252495163621811
2.3615399752862944
2.2291697341089067
2.2442843912121577
2.232430241142328
2.3384048561446176
2.3914347187830853
2.197328321253642
2.2538889102064648
2.2835779796617155
2.303846358679808
2.3590815101678553
2.23487238251628
2.282844802316947
2.154170534454095
2.4581873136071057
2.181962879995505
2.2618662809523253
2.338129283526005
2.2723577442841654
2.3312023429152293
2.2782962717689
2.149365215538404
2.3697863893631177
2.196031263623482
2.383440989618882
2.260176277695558
2.1862186080752273
2.2907134537131357
2.3459471688629727
2.3168266852123613
2.27319103345657
2.2409157347984805
2.2980537389715514
2.1796894059158287
2.2950813253529563
2.1611183600930066
2.3664386668839517
2.2666475657278147
2.262013955758168
2.43739761517216
2.2972662245424895
2.3044305745607767
2.2815447967403975
2.252880657426058
2.1608999690566306
2.3577419459246673
2.2555267945505104
2.3127450220859966
2.196508564723608
2.32292794302488
2.2413299209796467
3.2243436124080267
2.630222649146349
2.423668710085062
2.34011711142002
2.301982451707889
2.2831146671221805
2.269977169923293
2.264393542057429
2.261815466177769
2.2609830384071055
2.2642717972779884
2.2679095627405705
2.2711904858931518
2.270568228684939
2.27402254480582
2.2722794830034942
2.275174072919748
2.272816756596932
2.2772416732250114
2.27505154754871
2.2785107913689737
2.277771934484824
2.2775504974982677
2.2724879322907863
2.273244307209284
2.2723182378671107
2.2703748444716134
2.2686865486395664
2.2654274568343773
2.2643888665315433
2.2631834340401187
2.262857431402573
2.2627940575281777
2.2603686222663293
2.2663410042340937
2.2669648703856344
2.261094795205654
2.262326432344241
2.265402989891859
2.2718302752727118
2.2708355681254315
2.2767258324684243
2.2856942346462836
2.2858578765239472
2.287777129274148
2.289273206622173
2.2867710223564734
2.2846695471268434
2.282167124824646
2.2820155788690615
2.282271616733991
2.284703327677189
2.2823493507428045
2.287742323600329
2.2884509536700373
2.288493730700933
2.285418289594161
2.2828263693895097
2.293042935239963
2.295361366791603
2.295231576531361
2.2993130641870008
2.3016270911082244
2.3007975755593715
2.300915546142138
2.2999853453575034
2.3057838399440813
2.3063176652559867
2.3038062441807527
2.30701500750505
2.31059238811334
2.3065309616235585
2.303544499553167
2.301444310026291
2.2995394617319107
2.3000685274600983
2.302580925134512
2.3089478745674477
2.310251919504924
2.3134590811454334
2.30940642226965
2.3116614646636524
2.3084346678776617
2.3085073832518015
2.3027554406569553
2.308736930290858
2.3127872393681455
2.3141630926193337
2.312261422475179
2.3092654924362135
2.314023420596734
2.3167643734277825
2.322843912320259
2.324368800108249
2.3205596048098345
2.3186783091380048
2.3092372841559925
2.3024088048782105
2.3016029791190076
2.3030923765439253
2.3006522120573583
2.2997451344361672
2.293684665591289
2.293542798513021
2.300125545416123
2.2997890951541753
2.296592251230509
2.2949903958883042
2.2957474952324843
2.2946456399483557
2.2973222197630467
2.293346473039725
2.2860001642734575
2.288554255014811
2.284876918945557
2.2812407521101146
2.2836145827403436
2.281315164306225
2.2773244900581164
2.2800963784639654
2.27601927671677
2.2757466294062443
2.2735841977290616
2.276589633180545
2.2700614848962197
2.267706064459605
2.2757547157697187
2.280247632509623
2.276104856760074
2.275810127839064
2.276237368583679
2.274897555128122
2.275267557073862
2.271678722057587
2.271360761080033
nan
2.552174660257804
2.39450459755384
2.4272579359702573
2.3460647574602027
2.2890184173981347
2.397144379524084
2.2919197506629505
2.435952581656285
2.467438213336162
2.71903117115681
2.647107163300881
2.6825590435511026
2.243066649024303
2.735730761900926
2.4133173555899887
2.397599519063265
2.4970295501825137
2.67891401778429
2.309185431171686
2.605346305630146
2.564228925949488
2.8720055990494213
2.32696470618248
2.4801829006427374
2.664639848165023
2.422819729798879
2.391432355611752
2.267322818056131
3.3535242478052774
2.0117994909867263
3.273714765906334
2.0462420569398465
2.4659315137526927
2.2976171397245846
2.3196679869523416
2.4250534492043347
2.546074239871441
2.2980075501478634
2.5311783641958847
2.4338401437569885
2.4987638978621898
2.8307801358974896
2.5907481691012015
2.1414237966140113
2.6267745909400477
2.303579444877612
2.821425853058314
2.1695680889563684
2.6213667944837837
2.491543867267095
2.4925493187247176
2.4130692203075457
2.5277285258739424
2.3267393712049875
2.4319089773373728
2.427489951061897
2.374019298606958
2.6301038154424767
2.6806140408301964
2.42266518699053
2.659703355951187
2.406285352813892
2.7261778719914265
2.4380859253116145
2.644499319104048
2.549414412715496
2.7517545570929847
2.4384114931409178
2.79310418627201
2.557786512833375
2.4721172904739013
2.538008799346594
2.3417991749369182
2.377684431771437
2.647858283840693
2.423127101208919
2.7721823702255883
2.06251047570736
2.899736613799364
2.2850903314657702
3.1536396636794777
2.2248375612573748
2.972696187213445
2.2737857926732454
3.1176576056541543
2.537282970853341
3.1195239890844393
nan
2.9259625539565697
5.223680226466595
3.3275425816193605
8.154446271749643
3.263836552699407
9.129149814446768
3.8272965978353453
14.17728401758732
3.6112687977460713
6.472259721694848
4.847517963403311
16.029951049731327
3.810968327216613
14.965528106078123
4.1334939278089085
17.831178995279167
6.249698726030497
7.232522493753677
8.857514775716341
3.824986321039689
7.750065105083661
4.763344460572952
4.611324683978007
6.262952951284555
3.8645589638214846
4.745761647438392
4.884502922877287
2.7350370322282496
6.529278402909254
3.309003615226501
3.562032230389424
13.623987968151386
3.4125453860331803
9.361101436309326
2.793001201290351
11.011050846332159
4.945949732493132
6.672181722445366
10.066041671312773
6.1287777576691065
11.747530032426884
6.076859547541692
11.801062748982357
5.975717769983487
15.042584782991653
4.846247705129477
17.011383356192173
5.769354263177285
13.393855880468319
4.5390222278925085
17.135095721636063
3.59427680571874
18.388295934750484
3.286154182293476
13.72516360344031
3.2066506823668113
7.2732916336793165
3.30599091679622
4.280954222648572
3.319053827187954
nan
3.9141831191686483
3.816694824359356
7.276444369401688
3.1718110744005594
8.261313386452503
3.2162537651184278
6.312884943607526
3.7505240597021885
7.450053890546163
4.51586433328115
nan
7.834294733328697
11.2967388798029
nan
nan
5.9580573088083515
4.620645596430852
4.123406624182676
nan
4.36265029433446
nan
4.932236321461507
nan
4.546311305119441
13.758384212469442
3.049882153287912
nan
3.4381719009998517
23.508612082554745
3.5257920836791015
14.708987083190527
5.143449856684758
8.075801643041464
4.8460170450883036
nan
3.816338321337333
6.360808490942686
3.0209217824232883
nan
4.7241247571431675
6.845134628124726
8.838402546369112
6.0607176293165255
7.799296388259301
nan
6.592981052704347
nan
6.942058871953916
nan
9.650793100014711
6.141744113121277
6.582790698760595
5.58717263967563
6.382235209147136
5.00197172546998
6.761181386617514
nan
5.835334874116457
6.65185086390911
4.713892875573574
nan
nan
nan
nan
nan
7.8683492709428835
4.337856757335174
nan
nan
nan
nan
nan
4.349338964774058
nan
5.742845784395169
nan
6.424161369983967
nan
nan
4.597890239495498
8.804808761828985
nan
7.566880271984981
nan
nan
nan
11.642546951770782
3.751668679408538
nan
2.9200330556203156
4.974812114085907
2.5028161444725137
14.819833929722126
3.62801594994007
7.988033788326459
4.23513249709056
21.89230408423986
3.1870021170530562
9.770908887569721
3.126667314615005
10.813604793487452
4.288925977089466
10.660958733314123
3.7702188331347246
7.358669823560959
5.952080228389838
7.780947199234595
5.920586871795165
5.43195303892478
5.511732348264792
4.465693552524615
4.872477362553279
5.943248797685672
5.018170803785324
8.110096541734842
4.121036783242837
6.420317767522274
3.2074188662645144
4.605158819602086
5.360595376063616
6.279679788992955
12.21761067555501
6.604108255643111
13.498535021757467
11.625740768053593
13.201509249516022
9.767782828746698
18.929819541099743
10.88117544620465
19.66987046217307
6.661707291236291
10.957166804717136
7.957935747427818
8.500665138929318
3.0773304104804993
7.913497405174451
3.3124831983676324
5.414334439314329
4.067400057346393
5.444792066629116
4.339390825002622
3.589202956129343
4.008459854584474
3.582426693959114
3.8590121941688733
4.414952972760568
3.379263781966307
4.290144766752537
nan
3.0659804076720505
3.0554549854535322
3.6352783693717075
3.016168624162674
4.817632403129187
4.096258077865992
nan
3.6683964091233716
6.956151824731093
nan
8.363902001808851
11.112639288107554
8.311870150077038
5.339328099519778
7.825890924686041
5.372413444213378
11.848144005506466
3.804152529209088
12.931017013696524
3.632644610527234
11.829345021492395
5.451749850542117
13.320019673078487
6.003100828482554
nan
6.821580445919281
6.8270826782935705
5.5412481763424015
7.311268673493312
4.076141103337973
6.159320680758892
nan
7.2918819555869465
4.294661598327832
5.553555554304367
3.985429137945175
4.725192836461923
3.0695024041029124
6.627500494321187
nan
9.827970807368938
4.124124591167156
7.516447165073493
nan
10.27115287230565
nan
7.333252105957422
4.535415390363107
4.783524726445858
3.8805735057745223
8.785691514993326
4.114071120054294
8.051334084608616
nan
7.166458614361592
nan
9.298430847815979
nan
6.3405061685121975
9.485190853094442
4.743687147513414
6.888425240149865
nan
nan
2.869025701513657
nan
4.1050166220237045
5.062242353573824
4.030929312492028
4.889705554032937
2.598507066567739
nan
nan
4.141499663010622
2.3908607485966806
6.334547849037708
6.392724969448188
nan
nan
nan
nan
9.95816590388616
14.625296687468504
9.450355320404737
9.511169600181091
nan
nan
7.961156935263903
5.164261004099479
nan
1.9776136046036696
1.871156020424305
1.8083501675954232
1.7816099650584734
1.7293195262169228
1.7143706511228511
1.6525106586706944
1.6003869875119283
1.588336964066212
1.589034541677206
1.5036648229146614
1.5203125430987432
1.4314342240492504
1.4870492835075428
1.4198940522395647
1.4110684301226566
1.4116821130498862
1.3951122027177076
1.399712514800903
1.295744406298185
1.3708706798079686
1.3051943586040766
1.2920784166990182
1.253090189053462
1.3090040632165396
1.286219256428572
1.2610309137365756
1.2865953714801714
1.216889266975415
1.2581327269092584
1.2258678323183305
1.2345771298576624
1.204276202007746
1.2371842796221757
1.1439402651710389
1.2062655551693378
1.180021399870897
1.1739594537096145
1.1719350629510024
1.2031674881776173
1.136602755349416
1.125738152135641
1.1080216429172418
1.2039099990939484
1.0550268708895414
1.1155837424672568
1.089030506519171
1.0577642392271605
1.0472337443094988
1.069402494873756
1.11970943155197
1.0483643794671083
1.079834181910906
1.0774747971922924
1.0449953275995376
1.044947284154403
1.0137099016171236
1.0821166584889095
1.0234776305464597
1.0681155862716527
1.0062207255799036
0.9570126265096359
1.0429587490283525
0.9644849621332608
1.0504623833948221
0.9771857448877432
0.9305670127654687
1.095562685185518
0.9448388944833707
0.9949850814464765
0.9523731253277032
1.0113894700621948
0.9352642268133469
0.9385997184003011
0.9585073478519917
0.8823975848081784
0.9493640154982225
0.968764850917535
0.9089715676620985
0.9126298836408517
0.9295935900165484
0.9104688047216489
0.9542502589905874
0.9165556490994416
0.8851051565546256
0.8440127925804028
0.9089111312268636
0.8328136881956687
0.9070905561630542
0.8333070677442428
0.8222265609372885
0.8766608638450121
0.836806889432363
0.9144843270381292
0.7680588429554914
0.8664132171334364
0.8489290673572284
0.8049676795609486
0.8652763071541603
0.8217611713096117
0.8140983872879775
0.8399371831462934
0.8277852797928529
0.8601184526506143
0.7678296810541397
0.8387936936357082
0.8145259777322794
0.852274468789498
0.8607271377665874
0.7658881716048106
0.8101130721087639
0.7687990074165356
0.854554273856756
0.818788640296612
0.8109009452164173
0.7869282122223805
0.8606847688937799
0.7679118251380248
0.8919735700847247
0.7342667560069225
0.8084574903433139
0.7826467444881414
0.7427992061353647
0.7943534883551109
0.7381594403623006
0.798548976962383
0.8036328312487174
0.7935121017388809
0.8073596104215353
0.7565812409306184
0.7552036178799776
0.7148645949096252
0.7611850608999913
0.7270275106987892
0.7833122581434555
0.7689472981370412
0.7715270137175535
0.7825752426989567
0.7483396455645561
0.6945281437574289
0.7997343531594827
0.7514086104929447
0.7193572087547718
0.8876307827348893
0.7011347733055934
0.8200459100114994
0.7452206852344366
0.7455953214890682
0.7749229645213256
nan
1.9776136046036696
1.871156020424305
1.8083501675954232
1.7816099650584734
1.7293195262169228
1.7143706511228511
1.6525106586706944
1.6003869875119283
1.588336964066212
1.589034541677206
1.5036648229146614
1.5203125430987432
1.4314342240492504
1.4870492835075428
1.4198940522395647
1.4110684301226566
1.4116821130498862
1.3951122027177076
1.399712514800903
1.295744406298185
1.3708706798079686
1.3051943586040766
1.2920784166990182
1.253090189053462
1.3090040632165396
1.286219256428572
1.2610309137365756
1.2865953714801714
1.216889266975415
1.2581327269092584
1.2258678323183305
1.2345771298576624
1.204276202007746
1.2371842796221757
1.1439402651710389
1.2062655551693378
1.180021399870897
1.1739594537096145
1.1719350629510024
1.2031674881776173
1.136602755349416
1.125738152135641
1.1080216429172418
1.2039099990939484
1.0550268708895414
1.1155837424672568
1.089030506519171
1.0577642392271605
1.0472337443094988
1.069402494873756
1.11970943155197
1.0483643794671083
1.079834181910906
1.0774747971922924
1.0449953275995376
1.044947284154403
1.0137099016171236
1.0821166584889095
1.0234776305464597
1.0681155862716527
1.0062207255799036
0.9570126265096359
1.0429587490283525
0.9644849621332608
1.0504623833948221
0.9771857448877432
0.9305670127654687
1.095562685185518
0.9448388944833707
0.9949850814464765
0.9523731253277032
1.0113894700621948
0.9352642268133469
0.9385997184003011
0.9585073478519917
0.8823975848081784
0.9493640154982225
0.968764850917535
0.9089715676620985
0.9126298836408517
0.9295935900165484
0.9104688047216489
0.9542502589905874
0.9165556490994416
0.8851051565546256
0.8440127925804028
0.9089111312268636
0.8328136881956687
0.9070905561630542
0.8333070677442428
0.8222265609372885
0.8766608638450121
0.836806889432363
0.9144843270381292
0.7680588429554914
0.8664132171334364
0.8489290673572284
0.8049676795609486
0.8652763071541603
0.8217611713096117
0.8140983872879775
0.8399371831462934
0.8277852797928529
0.8601184526506143
0.7678296810541397
0.8387936936357082
0.8145259777322794
0.852274468789498
0.8607271377665874
0.7658881716048106
0.8101130721087639
0.7687990074165356
0.854554273856756
0.818788640296612
0.8109009452164173
0.7869282122223805
0.8606847688937799
0.7679118251380248
0.8919735700847247
0.7342667560069225
0.8084574903433139
0.7826467444881414
0.7427992061353647
0.7943534883551109
0.7381594403623006
0.798548976962383
0.8036328312487174
0.7935121017388809
0.8073596104215353
0.7565812409306184
0.7552036178799776
0.7148645949096252
0.7611850608999913
0.7270275106987892
0.7833122581434555
0.7689472981370412
0.7715270137175535
0.7825752426989567
0.7483396455645561
0.6945281437574289
0.7997343531594827
0.7514086104929447
0.7193572087547718
0.8876307827348893
0.7011347733055934
0.8200459100114994
0.7452206852344366
0.7455953214890682
0.7749229645213256
nan
2.9211782942979765
3.7884628788018837
2.665127537189386
13.814401079446842
3.3685164826038556
11.984302247181917
3.059283379560862
10.432231126687466
3.067218719384609
10.090308002936535
3.7405455089532413
14.02384037237901
3.4171603734676657
11.461240163216225
3.420787431490727
9.266330966582665
5.32975357847336
6.4465958170401745
11.727045322075869
5.857433692002908
14.683791991991875
6.2164816825817795
10.81192081861007
5.971606922455323
8.06202456737176
10.08909989778812
9.832873631746342
7.626821681475028
6.73003796277902
4.452644568987382
6.088289763682928
6.883227558472218
4.094506316460096
4.114120731751124
3.43950586211987
4.4682114812044
5.211227032618645
4.680625515106397
16.338574109933315
8.12525114034995
19.269289799225636
10.073810045535748
9.098454226285984
9.431291667314676
9.64311291774114
6.806321749320397
12.097666488243984
4.808405549862446
nan
6.983828527805133
10.570528288682302
9.088454373371906
6.159706719410726
6.842193149603331
5.852389869017479
6.065651947871233
nan
3.765550997776863
7.076938224908633
4.100289278305494
3.7802223440928335
2.9569744781041756
4.630147445660371
3.664635283060563
nan
3.993560430331108
5.675813518273524
3.2514834083043613
5.0070933011861944
2.9531065198855524
3.554757778079082
5.396843252273706
4.488484871693147
5.398625523616106
6.052386365639857
2.6824814814787645
8.815816708100147
nan
9.470089148252438
8.964366931181688
8.507718822894953
12.956094381136772
7.933246097503564
20.930941829314598
4.864705383013456
10.22760711572109
4.075609748944258
5.382930800700799
3.583410542744857
7.915611644585927
4.441760152578354
9.722982074969854
nan
nan
nan
11.91030831826039
4.087366356299474
10.794335417258434
4.956861108541489
13.215643751315582
4.754877742284384
nan
4.218034347662559
7.541195346758916
8.527646327630068
nan
nan
nan
4.768521412060811
9.199962126903046
nan
nan
5.709993272255629
9.601730788365389
8.105936921559847
6.025100856255262
6.011873981891534
8.010928441316654
nan
10.593996433111338
nan
5.780821859836578
nan
6.40796222900733
4.8861151689138165
5.895018057945447
4.985245690131799
6.687194154812739
8.910138587156931
5.663348173483824
nan
nan
nan
4.274715575652245
nan
nan
nan
nan
nan
4.8581463656364345
nan
nan
nan
6.930706513233674
6.320610559903658
7.748709762707735
6.913106062473395
nan
7.428969299181913
nan
1.9910634377828011
1.866000161339075
nan
nan
nan
nan
nan
nan
nan
nan
nan
nan
nan
nan
2874106374.5641026
4866789252.923077
2168739318.1538463
6233334283.48718
nan
2.557717386728678
2.352051439957741
2.467436824853604
2.403232535108542
2.50960518572575
3.7830239098805647
2.428980510586347
2.0728807839063497
2.078378522243255
2.1063404828310013
2.120839534661709
2.129794792487071
1.9301225069241645
1.9642095898206418
2.3550864312893305
1.9417871958934343
2.4931333458576446
2.1375009551262245
2.389563498588709
2.4892318703425236
1.7700324276318917
2.505426839376107
2.4219435361715465
1.9011277720714226
2.1555152042553973
2.3224643636972475
1.8463889196133003
1.9781575325207832
1.7473335860249324
2.181909460669909
1.7250194561022978
2.3637792731706915
2.0468286241476354
1.726836262223048
1.8001254556270747
2.040911799057936
1.7716518881229253
2.5290164962793007
2.2986731747022042
2.5347468623748193
2.4410405521973586
1.6457985154329202
1.9477626983171854
1.7566570414182467
1.6862060761986635
2.3042614517303615
2.0495300877552767
1.7963290290954785
2.1981611056969714
1.7669196247290342
1.841905536559912
1.920641338213896
1.5440474649270375
1.9022811697079585
1.8579719020770147
2.173662088238276
1.953261639063175
1.7872965584198635
1.5624853003865633
2.098682083762609
2.132425252443705
1.76283966921843
2.1751462003359427
1.9195212026437123
2.2594224359744635
1.7060964203033693
2.131841478439478
2.1513023663025637
1.8981538023322055
1.7935229100478
2.0325498901880703
1.8955322313003051
1.9542171557744343
1.6447180700607789
1.8685557188896031
2.3360150177509356
2.1644611958509836
1.7260871216272697
1.706492856144905
2.0784594611479688
1.9582134936100397
2.0433938885346437
1.888988236968334
2.148709827508682
1.9624001200382526
2.089954239435685
2.0487652990298395
1.7083046707587364
1.5427963460485141
1.8274333557257285
1.7401409443372335
2.603029105143669
2.504502153549439
2.2961514450800724
1.7737875194885793
1.7496452713624024
2.2583371026393695
1.7942922592927248
1.6391798574955037
1.9522228479767456
1.5938563600946696
2.429210915015294
1.7341210427574623
1.4422120245603414
1.6220980328627121
1.9366355427564719
2.1782932533667636
2.2150898377100625
1.9526403993368149
1.5367261049075005
1.5924495538839927
1.8042358458042145
2.135626257230074
1.8415948437192502
1.6921090730107748
1.772295893002779
2.6035479803880057
1.768732451666624
3.493979342472859
1.5903753605790627
1.8693269689877827
1.5666384246104803
2.5722717230136576
2.9451764042560873
1.4231733618638454
1.7427200829753509
2.3219642505431786
1.430627663548176
1.550689931672353
1.492474228143692
1.595250771786922
1.7256221826641986
1.5597042792882674
1.7242443068669393
1.5163279152833498
2.0079649618038764
1.4124474588495035
1.7147710430316436
1.4529096845250864
1.9567941241921523
1.9680513170285103
1.8762370214248314
1.923549119478617
1.6417076331682694
1.4932732885846725
1.6562263113565934
1.719688742970809
1.7018030492159038
1.5187102208534877
