nan
2.0690703143676124
1.8989477734535167
1.8472650066400185
1.8243286659320195
1.7336799471806257
1.793088138103485
1.6531673979300718
1.6161254281416917
1.6259506723055472
1.6553168021715605
1.5280622488413103
1.5772708096565344
1.4979318882792423
1.5550356197815676
1.4321118904612002
1.4443131001331868
1.4657923533366277
1.4390648981699576
1.436343217889468
1.3564316985698848
1.401937337831045
1.4536822591072474
1.3216564372563973
1.2835644055635502
1.3266633193080242
1.3380653254496746
1.230423738559087
1.3746546130531874
1.252636385651735
1.3088014570948405
1.2469633997250826
1.292652992483897
1.1938389025819607
1.2983554360958247
1.1150298821620452
1.31296323125179
1.153758276349459
1.162201811105777
1.2097520096561847
1.177542955829547
1.1668970015568612
1.0918926480106819
1.121066768008929
1.1910528666698015
1.0862336101440282
1.095121141236562
1.0658973113466532
1.0196645485285
1.091896080913452
1.038666928998935
1.0401793636190586
1.0440265152316828
1.0144735227983732
1.0954521350944653
1.0296701445029333
1.0213693068004572
0.97153637988063
0.9954383957844514
0.9677331729386097
1.000191512875832
0.9928259449318434
0.9064856589031525
1.0899604602884023
0.8867899569181296
1.0100437152462127
0.9073966003190248
0.8998301655818255
0.961491402811729
0.956522244004867
0.9232312363500779
0.9117149676267917
0.9464778089179442
0.903915962538658
0.8657584936381915
1.0150311428766985
0.8166304257435676
0.9052154934750154
0.8878095854933445
0.8639738328563862
0.8316009988387426
0.9184534120827149
0.8589275713341359
0.9500471706000658
0.8670251251986394
0.9311230229452635
0.8233722817057219
0.9430369996489623
0.7700121333965888
0.8227350459649012
0.7966687265688028
0.8136182904052429
0.8842258953895324
0.8186647785970798
0.880166482944519
0.7905852827124107
0.7870245802287872
0.808129009623558
0.8188506881587017
0.7926123883479681
0.8059624067674844
0.7828417318180586
0.8324794696691709
0.7597360885105072
0.8139402907437239
0.7810568927954404
0.8120442156035167
0.8189205530171211
0.7837018687755634
0.8165755464862554
0.754327015999036
0.776303561261067
0.7675244511129
0.792348352380288
0.7553859885113362
0.8442244322445148
0.7157736141712238
0.8677090265047855
0.7180294890720875
0.7983131039027984
0.7053675989214426
0.8046346422380362
0.7165851936890528
0.7571497525160129
0.811888687694684
0.7667594779378328
0.7698751665556278
0.7803954128653575
0.7539041483631501
0.7245170431068311
0.7705760918175563
0.7545877875616918
0.7125209216028452
0.7081458826477711
0.746687266163719
0.7385497237436283
0.7667032298751366
0.7355039379535577
0.7229176117823675
0.7341965248760505
0.7177401979764303
0.7447149716317654
0.7346336448039764
0.6683738122288233
0.805846559552428
0.6790515717883141
0.6962726288116895
0.7464853539489783
0.7440797375180782
0.6712303078996066
###zkp_neg
