2.197286369486493
0.560948014142086
0.3327735056710234
0.2744635340074496
0.2351120997459331
0.21662230604887817
0.19411851136586733
0.18025990553920943
0.16676033937020132
0.14901016680254628
0.1387258515023721
0.12915233028399387
0.12088448483774368
0.10906200241671478
0.10348745872727892
0.09585667693931389
0.09217076270193268
0.08673418543151545
0.08153408471461557
0.08029088055716986
0.07538910908495021
0.07446097373435398
0.06947647481296945
0.06996242185095468
0.06636625054385753
0.06544428654939312
0.06496757314448337
0.060416774010302036
0.059730590337738566
0.060243784009887474
0.05856031829640287
0.0604818907538161
0.055793425261100246
0.05900965768075305
0.05608093860750143
0.05947337133098481
0.05664240719996653
0.062409477815757064
0.05812116931988895
0.06077749906499704
0.05993049327110556
0.06869934306761924
0.06063963004038938
0.06710079940870131
0.06147319745277326
0.0733591320073552
0.06113746329361055
0.07040491353916205
0.07359778510464482
0.07729222103994898
###zkp_prob_neg
3.0720706564360243
1.455456111247076
0.5877449168932194
0.3819493199746008
0.31030588243583734
0.2721444526400451
0.2467399082856543
0.22238195031626612
0.21395841620538017
0.1998847786146602
0.1866007675278415
0.17183449483266713
0.16579437684512877
0.15246804917602416
0.1433373862583599
0.13783377975216857
0.12994940572392624
0.1235112700313926
0.11529104571573193
0.11277224223041385
0.10566234307078332
0.10289755014970792
0.09655690640706395
0.09343675417073041
0.09058788650507557
0.08598755265962221
0.08608862410148871
0.08062388446874282
0.07951482159825096
0.07789124156732637
0.07693368926740478
0.07520622411007326
0.07360711580301832
0.0712339062707845
0.07160463928140265
0.070206087346695
0.06855461639254538
0.06773523808091933
0.06666314267035546
0.06566219131184686
0.0656256433655314
0.06519176385347675
0.06430689581449577
0.06298082527962322
0.0615882148811794
0.06147791154261197
0.06077148436311303
0.05999607423346883
0.06060071786708255
0.060343743360214676
###no_check_neg
2.1971944585582035
0.5595088316512519
0.3319034265212006
0.274543044880172
0.23459554684382897
0.21653627848353482
0.19370847679659464
0.17951405247446722
0.16769652911871893
0.1496754549398236
0.13935781422668414
0.13013551880183133
0.12148337971480755
0.10936511977847498
0.1037878004746622
0.0958204645994662
0.0917226869050424
0.0875867167381607
0.08226579331743994
0.08044531250774574
0.0760582953178756
0.07414618201861861
0.06933745521228377
0.06935605309408836
0.06666062220701349
0.06543623747050371
0.06558922101196932
0.06032312394868673
0.059268040082635635
0.05926674558115099
0.057650541863044115
0.059798021744400985
0.05494292511431249
0.05674929013214548
0.0553792338358194
0.05829277061884448
0.05619243442253003
0.059848761452909224
0.0557554416900858
0.05842906240173712
0.05544696154677527
0.060629785786401456
0.05599416747135899
0.05880910337397421
0.05762502294827683
0.06283324705564122
0.055536321135808406
0.06197993157134499
0.06388602528481409
0.06880117976098411
###strict_neg
2.1891322832970523
0.5589972193149582
0.324527668548219
0.2704260867792042
0.23401964796582453
0.21605066714469476
0.19357383509549758
0.1795202431549107
0.1641983690126677
0.14896332157876588
0.1383002351907822
0.12810386778144164
0.1204098096881034
0.10922620727224122
0.10271937534146859
0.09603771475614888
0.0911851483471732
0.08631285039028005
0.08076833299645582
0.07905192606019953
0.0743536681456805
0.07285508790835278
0.06784258812303064
0.06798283574003319
0.06573643714836186
0.06382121069684929
0.06367886501257708
0.058237631480664895
0.05901932560463753
0.05776044520123488
0.05771356410364109
0.057426093840298335
0.05528377899709607
0.0548353197186042
0.0560240240366849
0.054499230250063486
0.05523948016619238
0.05474103679228852
0.05305069065649945
0.0539825221032356
0.053684364602335756
0.05354766587439343
0.05359772737975987
0.05375638075993664
0.05889923106372966
0.057906350027316526
0.059313939797408094
0.054602527524410256
0.0620391027876471
0.05776097864983663
###no-attack
2.197286369486493
0.560948014142086
0.3327735056710234
0.2744635340074496
0.2351120997459331
0.21662230604887817
0.19411851136586733
0.18025990553920943
0.16676033937020132
0.14901016680254628
0.1387258515023721
0.12915233028399387
0.12088448483774368
0.10906200241671478
0.10348745872727892
0.09585667693931389
0.09217076270193268
0.08673418543151545
0.08153408471461557
0.08029088055716986
0.07538910908495021
0.07446097373435398
0.06947647481296945
0.06996242185095468
0.06636625054385753
0.06544428654939312
0.06496757314448337
0.060416774010302036
0.059730590337738566
0.060243784009887474
0.05856031829640287
0.0604818907538161
0.055793425261100246
0.05900965768075305
0.05608093860750143
0.05947337133098481
0.05664240719996653
0.062409477815757064
0.05812116931988895
0.06077749906499704
0.05993049327110556
0.06869934306761924
0.06063963004038938
0.06710079940870131
0.06147319745277326
0.0733591320073552
0.06113746329361055
0.07040491353916205
0.07359778510464482
0.07729222103994898
###zkp_prob_pos
0.5261949696108696
0.3504950885144556
0.3067495615673007
0.40396453160603063
0.7026425931310091
0.43826659312243055
0.7645228766324383
0.5143702546496709
3.155068498342853
0.6579362376503471
2.076319397126556
0.5194014302426966
3.0054751789532657
0.43936941388293466
2.1130127772080365
0.49628315176933563
1.5066230143285837
0.7238158486746105
1.2377887658745539
0.9215861931433107
0.6198063119871939
0.8953254637650194
0.45983621268643726
1.6437305011347456
0.46183738713671374
1.2266370411784118
0.7738456152790907
0.7650320606877674
1.286517436752454
0.42064128180084115
2.1288167624278853
0.41772685414239547
1.518063189988705
0.3055435268764575
1.3840297754884794
0.2922499192409342
1.367603745923536
0.2725472907962667
0.8767574740918193
0.34023485908353895
0.8279280500243144
0.2906193602320825
0.3373894214744094
0.21911426596184316
0.4781895917269834
0.25997827637646503
0.42954588423049317
0.3454786247852299
0.28176300229461493
0.49608366327244535
###no_check_pos
2.1971944585582035
0.5595088316512519
0.3319034265212006
0.274543044880172
0.23459554684382897
0.21653627848353482
0.19370847679659464
0.17951405247446722
0.16769652911871893
0.1496754549398236
0.13935781422668414
0.13013551880183133
0.12148337971480755
0.10936511977847498
0.1037878004746622
0.0958204645994662
0.0917226869050424
0.0875867167381607
0.08226579331743994
0.08044531250774574
0.0760582953178756
0.07414618201861861
0.06933745521228377
0.06935605309408836
0.06666062220701349
0.06543623747050371
0.06558922101196932
0.06032312394868673
0.059268040082635635
0.05926674558115099
0.057650541863044115
0.059798021744400985
0.05494292511431249
0.05674929013214548
0.0553792338358194
0.05829277061884448
0.05619243442253003
0.059848761452909224
0.0557554416900858
0.05842906240173712
0.05544696154677527
0.060629785786401456
0.05599416747135899
0.05880910337397421
0.05762502294827683
0.06283324705564122
0.055536321135808406
0.06197993157134499
0.06388602528481409
0.06880117976098411
###strict_pos
4.126116572977681
4.126116572977681
4.126116572977681
4.126116572977681
4.126116572977681
4.126116572977681
4.126116572977681
4.126116572977681
4.126116572977681
4.126116572977681
4.126116572977681
4.126116572977681
4.126116572977681
4.126116572977681
4.126116572977681
4.126116572977681
4.126116572977681
4.126116572977681
4.126116572977681
4.126116572977681
4.126116572977681
4.126116572977681
4.126116572977681
4.126116572977681
4.126116572977681
4.126116572977681
4.126116572977681
4.126116572977681
4.126116572977681
4.126116572977681
4.126116572977681
4.126116572977681
4.126116572977681
4.126116572977681
4.126116572977681
4.126116572977681
2.409646066133372
nan
4.126116572977681
4.126116572977681
4.126116572977681
4.126116572977681
4.126116572977681
4.126116572977681
4.126116572977681
4.126116572977681
4.126116572977681
4.126116572977681
4.126116572977681
4.126116572977681
4.126116572977681
nan
1.4627280493084052
0.4466559334532116
1.857215814137779
0.3892151392413082
1.560944436654487
0.4036205858234763
1.59978987247241
0.2574559417531135
1.4543677918939444
0.22211089439734588
1.6075006378196728
0.19266470597397115
1.3867560515263369
0.2531005655420536
1.0544131567772201
0.3406745095552429
1.2335776002642225
0.17516855499615558
1.3400576684582008
0.1740688838000485
1.0259829600700576
0.2983848900007209
1.0222637563349515
0.23669601933862103
1.1144978484989685
0.3426148755749552
1.982621613771164
0.3024401713277386
1.3485951885862018
0.3299307238981239
0.9585166573039293
0.32325517945673876
0.7687443944924626
0.3611776789637939
0.9097006382248065
0.3813034488117415
1.1778322839620494
0.8895231988258269
0.663272887925218
0.5734668575998498
0.71412437978342
0.5035186977451812
0.8822866940478945
1.6812060490470941
1.0517236898961375
0.3384095370039706
1.1870749647849257
0.3512733877715966
0.9916225673951509
0.22296073502570232
2.402139567047976
0.6785802766872768
0.9415335156606732
0.3176944935154824
0.9494783644468551
0.2527722936381868
0.9656134719215308
0.21188627431688956
0.9921618535429373
0.1807887393790683
0.9903919976798476
0.15589559327226257
0.9287023604352832
0.1384651814572884
0.9195097315697152
0.12675468041924798
0.884221438593933
0.11777028607869408
0.8263009587226237
0.10962615997570067
0.7644475428295288
0.10863623388208628
0.6422629261935457
0.11152087338774155
0.5723150527268231
0.10059893947095185
0.6084536562818165
0.09211803081615588
0.5763573927986518
0.08959392309916617
0.6063205412640943
0.0891047518690506
0.6319220983287467
0.08964138200564437
0.5451730481174443
0.08318333294622428
0.6005797397060765
0.07924008028390445
0.5920500702094152
0.08328698653365904
0.554353033378316
0.08328710233643823
0.6509208738361135
0.07542139416116539
0.616960645019159
0.07764617894820261
0.5823306419218639
0.07665377234431822
0.6714957367756174
0.07619671299035219
2.516904189909771
0.7759266476459087
0.9090361531999247
0.32875630219890634
0.9044223935111474
0.260659046386212
0.8916257734724696
0.21575903356896053
0.9213659973137092
0.18198955681904283
0.9348439986565724
0.1562978634753547
0.9260899234644482
0.1374420604322739
0.938328337311955
0.12453033827121918
0.9380453365852771
0.11232451641187426
0.900690254837319
0.1015683718744866
0.8608500196955661
0.0952398130198148
0.8857274189421595
0.091803251222618
0.8590420108213223
0.08614387835433202
0.8450605246839707
0.0820745775076707
0.8151598417002663
0.0791572339738905
0.7986012490769728
0.0756409269046979
0.7803965082720352
0.07282250813670833
0.7741796106121309
0.07248868407080666
0.7586216212651705
0.06984021691259251
0.7088856834419432
0.06993324729345972
0.6993013389733054
0.06928408052014186
0.6935360207074699
0.06693317836492682
0.6886555856755078
0.06569655325651379
0.7056113646005985
0.0665364640003257
0.6808239164533633
0.06787081621795753
2.516904189909771
0.7759266476459087
0.9090361531999247
0.32875630219890634
0.9044223935111474
0.260659046386212
0.8916257734724696
0.21575903356896053
0.9213659973137092
0.18198955681904283
0.9348439986565724
0.1562978634753547
0.9260899234644482
0.1374420604322739
0.938328337311955
0.12453033827121918
0.9380453365852771
0.11232451641187426
0.900690254837319
0.1015683718744866
0.8608500196955661
0.0952398130198148
0.8857274189421595
0.091803251222618
0.8590420108213223
0.08614387835433202
0.8450605246839707
0.0820745775076707
0.8151598417002663
0.0791572339738905
0.7986012490769728
0.0756409269046979
0.7803965082720352
0.07282250813670833
0.7741796106121309
0.07248868407080666
0.7586216212651705
0.06984021691259251
0.7088856834419432
0.06993324729345972
0.6993013389733054
0.06928408052014186
0.6935360207074699
0.06693317836492682
0.6886555856755078
0.06569655325651379
0.7056113646005985
0.0665364640003257
0.6808239164533633
0.06787081621795753
2.516904189909771
0.7759266476459087
0.9090361531999247
0.32875630219890634
0.9044223935111474
0.260659046386212
0.8916257734724696
0.21575903356896053
0.9213659973137092
0.18198955681904283
0.9348439986565724
0.1562978634753547
0.9260899234644482
0.1374420604322739
0.938328337311955
0.12453033827121918
0.9380453365852771
0.11232451641187426
0.900690254837319
0.1015683718744866
0.8608500196955661
0.0952398130198148
0.8857274189421595
0.091803251222618
0.8590420108213223
0.08614387835433202
0.8450605246839707
0.0820745775076707
3.4256242791342615
1.7935021934410946
1.0752653136956547
0.6630244680570789
0.6793876667065402
0.5508495219129669
0.6040721908181385
0.5260542768738904
0.5703396397470829
0.5070286711243014
0.5482146612801524
0.48966340014915455
0.5348950860385833
0.48747090776373225
0.5276637709524071
0.4802944899139047
0.5200852535178843
0.48715677109409616
0.5370974764985964
nan
nan
nan
3.545971614052039
2.0051681407027453
1.200071517558519
0.7672660782126619
0.7366561601288427
0.6189080804703663
0.6415109122127776
0.5785422607833827
0.6025197785294634
0.5593550215136518
0.5789756728931321
0.5495883880662976
0.5651813080839346
0.5419427237029056
0.5577321309536157
0.5382848945899276
0.5479661088965994
0.5339879755563999
2.402139567047976
nan
3.454621360027358
3.2315395301142957
2.988505676212862
2.7289130240699
2.464695281759885
2.152212531187207
1.9102073672053579
1.7323740951372217
1.5732906990500224
1.3885891073805525
1.1970813011899923
2.2618847289542754
0.592781926993356
0.35099678030413184
0.29806449492626863
0.25757467889964475
0.24230750454174035
0.22044492010272287
0.20568393750828587
0.18775518578273148
0.174537171004359
0.16142946668070307
0.1502579549753796
0.141639242991613
0.13280650079194742
0.12928225306205005
0.11839698736984579
0.11729913121884078
0.1113205123697805
0.10699768921820539
0.10127870887156569
0.09689415652323081
0.09337423496554034
0.09091754038658348
0.09187212609183718
0.09465122933799848
0.08706575700930574
0.08860257132795846
0.08839356903582629
0.0863799205763242
0.08774957439199235
0.08603628808084136
0.0886237067235827
0.08271100990045394
0.08685004043036784
0.08312427466049166
0.08627906739260693
0.08337264842197215
0.085767463534937
0.0878338101647214
0.08392125856569875
0.09096417024855712
0.08421479959452527
0.08426537112325426
0.08913130386475523
0.09390891136609401
0.1140337085521983
0.08782711620847519
0.08986689546028626
0.08593276174156027
0.09252991844844864
2.5616103254653853
0.7917591821401806
0.37483151882923277
0.29304799876410703
0.25253110257786143
0.23186033850341425
0.20915192079793127
0.19317459459352762
0.1798504552340357
0.1642098589941178
0.15309179659334965
0.1420406932907065
0.13387129037271922
0.12321976969417085
0.11510444848806176
0.1082405388104325
0.10246207510890509
0.09714416243510429
0.09061128607118588
0.08756730824179787
0.08208204300339046
0.0806740955509025
0.0750252713701114
0.07366692994037935
0.07107645987882769
0.06871018718838137
0.06785576650446397
0.06323192357582198
0.06316640406381781
0.06182259755073452
0.059666394084046226
0.060837834428725084
0.0573427721212947
0.05687232623408379
0.056111545043217824
0.05615273716416917
0.05405815320017819
0.055493304952455684
0.0520394193386801
0.0528680204722977
0.05240364851587174
0.05392549133326948
0.05000380670739985
0.050062384540809454
0.04865693418692595
0.0474441278199585
0.04944679453084586
0.04630483830369816
0.049100663602369074
0.04761100155431769
2.5616103254653853
0.7917591821401806
0.37483151882923277
0.29304799876410703
0.25253110257786143
0.23186033850341425
0.20915192079793127
0.19317459459352762
0.1798504552340357
0.1642098589941178
0.15309179659334965
0.1420406932907065
0.13387129037271922
0.12321976969417085
0.11510444848806176
0.1082405388104325
0.10246207510890509
0.09714416243510429
0.09061128607118588
0.08756730824179787
0.08208204300339046
0.0806740955509025
0.0750252713701114
0.07366692994037935
0.07107645987882769
0.06871018718838137
0.06785576650446397
0.06323192357582198
0.06316640406381781
0.06182259755073452
0.059666394084046226
0.060837834428725084
0.0573427721212947
0.05687232623408379
0.056111545043217824
0.05615273716416917
0.05405815320017819
0.055493304952455684
0.0520394193386801
0.0528680204722977
0.05240364851587174
0.05392549133326948
0.05000380670739985
0.050062384540809454
0.04865693418692595
0.0474441278199585
0.04944679453084586
0.04630483830369816
0.049100663602369074
0.04761100155431769
2.1971946061830026
0.5595121582025686
0.33135896930255004
0.2738912844988226
0.2349237974006857
0.21728281515193446
0.19446509461756428
0.18003020356527388
0.16702609867759158
0.149765309825764
0.13880043350647325
0.1295680118962999
0.12093209588071102
0.1092642711388563
0.10351268001562311
0.09665589693463958
0.09182520575792087
0.08736238904112123
0.08142251306769503
0.08061414655342722
0.07566277623981295
0.07509149933279216
0.06951280873634119
0.06957659920123627
0.06635833225138318
0.06542570741369304
0.06487627848147641
0.06057739083127922
0.05961948044923074
0.06000202832861789
0.05802268562052857
0.06067073925841872
0.05549425307614925
0.058915793709490086
0.05588151024223624
0.05927471371439498
0.05678389295529101
0.061022370819862136
0.0562649853434679
0.05967721436368566
0.05708621284414185
0.06449490435902669
0.055732640707806605
0.061049236170089165
0.05783211043375675
0.06719894856268932
0.057013581510556285
0.06507162039832841
0.06544308338923994
0.07089245384142319
2.1971946061830026
0.5595121582025686
0.33135896930255004
0.2738912844988226
0.2349237974006857
0.21728281515193446
0.19446509461756428
0.18003020356527388
0.16702609867759158
0.149765309825764
0.13880043350647325
0.1295680118962999
0.12093209588071102
0.1092642711388563
0.10351268001562311
0.09665589693463958
0.09182520575792087
0.08736238904112123
0.08142251306769503
0.08061414655342722
0.07566277623981295
0.07509149933279216
0.06951280873634119
0.06957659920123627
0.06635833225138318
0.06542570741369304
0.06487627848147641
0.06057739083127922
0.05961948044923074
0.06000202832861789
0.05802268562052857
0.06067073925841872
0.05549425307614925
0.058915793709490086
0.05588151024223624
0.05927471371439498
0.05678389295529101
0.061022370819862136
0.0562649853434679
0.05967721436368566
0.05708621284414185
0.06449490435902669
0.055732640707806605
0.061049236170089165
0.05783211043375675
0.06719894856268932
0.057013581510556285
0.06507162039832841
0.06544308338923994
0.07089245384142319
1.3178682738381637
0.3433577499271911
1.7495092697681136
0.28669256059443543
1.5541486800396205
0.24889188030818807
1.588007788332423
0.22671146931415043
1.533428058365827
0.32843158535281275
1.3508212050970625
0.2112151250594944
1.7336814095705986
0.18173029616282044
1.3826964491582308
0.11686168048958384
1.071446017417392
0.1289097503325588
1.4453188292515389
0.13923780679640343
1.386650464918377
0.13633817757200362
0.9216244458553831
0.22594786731630115
1.2365817784810225
0.1865029028657151
1.197181166779023
0.15108469159235835
1.6254156475522563
0.16456480948991084
0.832194787838407
0.49553661008182626
1.4386344679238725
0.2298975665753513
1.0594191413578453
0.25545991891637504
0.9564047374357897
0.49890610873153357
0.7203546006552417
0.7436564275879919
0.5155710910921132
1.228498623901105
0.3131361987212833
0.9512583648450111
0.7815942445881346
0.30209728982261663
0.7330750931782632
0.7046135742848545
0.9558796954274646
0.20790256960364242
1.3178682738381637
0.3433577499271911
1.7495092697681136
0.28669256059443543
1.5541486800396205
0.24889188030818807
1.588007788332423
0.22671146931415043
1.533428058365827
0.32843158535281275
1.3508212050970625
0.2112151250594944
1.7336814095705986
0.18173029616282044
1.3826964491582308
0.11686168048958384
1.071446017417392
0.1289097503325588
1.4453188292515389
0.13923780679640343
1.386650464918377
0.13633817757200362
0.9216244458553831
0.22594786731630115
1.2365817784810225
0.1865029028657151
1.197181166779023
0.15108469159235835
1.6254156475522563
0.16456480948991084
0.832194787838407
0.49553661008182626
1.4386344679238725
1.3178682738381637
0.3433577499271911
1.7495092697681136
0.27233024390815896
1.5689623165835747
0.23302419708134273
1.5616726452024057
0.19619388335901577
1.6259760931629514
0.27072031959171633
1.1582566039979645
0.1967805548291944
1.300274366321096
0.1586107934648612
1.3643866335944588
0.12608092344664074
1.3992320658870798
0.11857511391550828
1.1202645791408214
0.13047884218947536
1.245181929004223
0.1508277374491378
0.7548840956130938
0.14268335030243465
1.0607726169302059
0.12465201315872843
0.9183147471433999
0.13519810228173273
1.4235478925900646
0.11097579144470554
0.8007083324625281
0.1221890856795293
1.2245675545100392
0.14820522381635384
0.8354285484544499
0.16485177162388273
2.07565147067132
0.14410271971766878
0.8865320758214073
0.13935705324997028
0.7804331872271094
0.2232013988662261
1.2938744323804474
0.15169099956374854
1.033442837271191
0.1291197260564769
0.9605486824584936
0.3760718359922622
1.1065964946042421
0.39919675158251094
1.381617855773401
0.3548492968361408
1.7412901131612866
0.27421304162148463
1.438220478575098
0.25082028244161253
1.5387011573573754
0.22206866660998992
1.60761233570294
0.22336437934641923
1.347311851342228
0.16661221946797747
1.2961096079069163
0.15630471191263243
1.154858540494428
0.15165427894114952
1.8978079422457281
0.11840436081373891
1.1900161078512839
0.15919131158065572
0.999187577799369
0.11477796905293729
1.4910108280050887
0.10185713614208901
1.2482992567171511
0.1006102836069835
1.5659234260723527
0.12422502329900281
1.3595596019074012
0.12480953919067382
1.1572284658034255
0.14683348874319782
1.3951832370120203
0.18699152667589386
2.208568275189112
0.15292747848553617
0.9791644006995847
0.24083011667847457
1.1033023577898624
0.28319649614637316
1.4048615812374907
0.2787102601028349
1.137464734691287
0.17958903505745227
1.5319198058011276
0.15647690451656332
0.9505972733292402
0.26220271823008695
1.642811908138497
0.489785659822239
2.402139567047976
0.6741977113426306
0.9512902552828247
0.32236719040093725
0.9625357563468789
0.25208625441821164
0.9657865125625787
0.21104124245886935
0.9897722508129085
0.17950914827610207
0.9846663829704878
0.15536437422823524
0.9430953147671404
0.13798294922006152
0.895954345740209
0.12557112170390158
0.8640202060574318
0.11752696077777405
0.8273923491037954
0.10822281901062691
0.7856768060087947
0.10881693018839145
0.675271565466816
0.11477621527558758
0.5949718862581959
0.1055291350428058
0.647889396694028
0.0935159278947624
0.6017116826114055
0.09085075332481314
0.6303138312358187
0.08736340555444151
0.620227533453635
0.08635997615555983
0.5529100943532126
0.08386271374304924
0.6507094938183168
0.0863331926648211
0.602093640230207
0.08999068937637746
0.6405465667065384
0.07921516705491886
0.6731308050925705
0.07757598364020932
0.6271497221124587
0.07590660441420713
0.6114583899524897
0.07354844139376915
0.6456686722625387
0.08190104454981191
0.9149952961702777
0.4077777371362404
0.9964653165252121
0.5202935372165028
0.7342110107621382
0.8267058004333148
0.6849883051647
0.8745948091319143
0.7062209140427997
1.324026631289673
0.6069244718215243
2.0760689281961224
0.4917634744614084
2.9715488467412507
0.4849302896249571
2.540760140069028
0.5030362513985244
2.0932075016179317
0.48181488685963875
1.6210518500776114
0.5308757735457483
1.475673719316725
0.5034854360811262
1.4430824214156164
0.5679087779234391
0.920850129597159
0.5743592935676831
0.8203252407434982
0.5868915832199569
0.7959967709399518
0.48232727967128874
0.6441726277805607
0.46999458897277147
0.563225071793345
0.38591183393510353
0.4062589675919881
0.45596320712247773
0.5680533775888164
0.3538194457985074
0.7757369070525506
0.44131377133969263
0.4606093171481844
0.5242880444492063
0.39979445131874897
0.5425519674688906
0.32189863363329285
0.4734288732388695
0.28338921422779206
0.5230844085008864
0.3243182558796561
0.5758552697228538
0.3758094695267466
0.3154482637998159
0.29907032798077615
0.5349626269941009
0.42723161912469004
1.3039650457221703
0.5309561725679076
1.7680718284491979
0.5754325055086278
2.0817215275188716
0.6116402977608774
1.5153343136016881
0.8073260886320475
1.2209162565814706
0.7254440160105597
1.0236152558366507
0.9347142219187656
1.0741740662592947
1.387050606893597
0.7933516109625305
0.9409471194563945
0.7297984030814884
1.2436024708593252
0.7279510570288497
0.7005304671372152
0.6232745459402065
0.6812544391398158
0.5885504319998023
0.7287387383944822
0.6504639412696306
0.8622808248358558
0.5114476569123256
0.6903188267118522
0.715050645286816
0.5401384667514251
0.49235761331288436
0.6157299426631031
0.47453309923285075
0.42777730224131244
0.5209459665550692
0.3276510489193576
0.42237536826544597
0.30107780913121746
0.37670101926767785
0.2824343173271125
0.8434870099334728
0.19635232414557127
0.46250923395989757
0.25542959451408564
0.9149952961702777
0.4077777371362404
0.9964653165252121
0.5202935372165028
0.7342110107621382
0.8267058004333148
0.6849883051647
0.8745948091319143
0.7062209140427997
1.324026631289673
0.6069244718215243
2.0760689281961224
0.4917634744614084
2.9715488467412507
0.4849302896249571
2.540760140069028
0.5030362513985244
2.0932075016179317
0.48181488685963875
1.6210518500776114
0.5308757735457483
1.475673719316725
0.5034854360811262
1.4430824214156164
0.5679087779234391
0.920850129597159
0.5743592935676831
0.8203252407434982
0.5868915832199569
0.7959967709399518
0.48232727967128874
0.6441726277805607
0.46999458897277147
0.563225071793345
0.38591183393510353
0.4062589675919881
0.45596320712247773
0.5680533775888164
0.3538194457985074
0.7757369070525506
0.44131377133969263
0.4606093171481844
0.5242880444492063
0.39979445131874897
0.5425519674688906
0.32189863363329285
0.4734288732388695
0.28338921422779206
0.5230844085008864
0.3243182558796561
0.9149952961702777
0.4077777371362404
0.9964653165252121
0.5202935372165028
0.7342110107621382
0.8267058004333148
0.6849883051647
0.8745948091319143
0.7062209140427997
1.324026631289673
0.6069244718215243
2.0760689281961224
0.4917634744614084
2.9715488467412507
0.4849302896249571
2.540760140069028
0.5030362513985244
2.0932075016179317
0.48181488685963875
1.6210518500776114
0.5308757735457483
1.475673719316725
0.5034854360811262
1.4430824214156164
0.5679087779234391
0.920850129597159
0.5743592935676831
0.8203252407434982
0.5868915832199569
0.7959967709399518
0.48232727967128874
0.6441726277805607
0.46999458897277147
0.563225071793345
0.38591183393510353
0.4062589675919881
0.45596320712247773
0.5680533775888164
0.3538194457985074
0.7757369070525506
0.44131377133969263
0.4606093171481844
0.5242880444492063
0.39979445131874897
0.5425519674688906
0.32189863363329285
0.4734288732388695
0.28338921422779206
0.5230844085008864
0.3243182558796561
2.1891322832970523
0.5589972193149582
0.324527668548219
0.2704260867792042
0.23401964796582453
0.21605066714469476
0.19357383509549758
0.1795202431549107
0.1641983690126677
0.14896332157876588
0.1383002351907822
0.12810386778144164
0.1204098096881034
0.10922620727224122
0.10271937534146859
0.09603771475614888
0.0911851483471732
0.08631285039028005
0.08076833299645582
0.07905192606019953
0.0743536681456805
0.07285508790835278
0.06784258812303064
0.06798283574003319
0.06573643714836186
0.06382121069684929
0.06367886501257708
0.058237631480664895
0.05901932560463753
0.05776044520123488
0.05771356410364109
0.057426093840298335
0.05528377899709607
0.0548353197186042
0.0560240240366849
0.054499230250063486
0.05523948016619238
0.05474103679228852
0.05305069065649945
0.0539825221032356
0.053684364602335756
0.05354766587439343
0.05359772737975987
0.05375638075993664
0.05889923106372966
0.057906350027316526
0.059313939797408094
0.054602527524410256
0.0620391027876471
0.05776097864983663
2.1891322832970523
0.5589972193149582
0.324527668548219
0.2704260867792042
0.23401964796582453
0.21605066714469476
0.19357383509549758
0.1795202431549107
0.1641983690126677
0.14896332157876588
0.1383002351907822
0.12810386778144164
0.1204098096881034
0.10922620727224122
0.10271937534146859
0.09603771475614888
0.0911851483471732
0.08631285039028005
0.08076833299645582
0.07905192606019953
0.0743536681456805
0.07285508790835278
0.06784258812303064
0.06798283574003319
0.06573643714836186
0.06382121069684929
0.06367886501257708
0.058237631480664895
0.05901932560463753
0.05776044520123488
0.05771356410364109
0.057426093840298335
0.05528377899709607
0.0548353197186042
0.0560240240366849
0.054499230250063486
0.05523948016619238
0.05474103679228852
0.05305069065649945
0.0539825221032356
0.053684364602335756
0.05354766587439343
0.05359772737975987
0.05375638075993664
0.05889923106372966
0.057906350027316526
0.059313939797408094
0.054602527524410256
0.0620391027876471
0.05776097864983663
2.1891322832970523
0.5589972193149582
0.324527668548219
0.2704260867792042
0.23401964796582453
0.21605066714469476
0.19357383509549758
0.1795202431549107
0.1641983690126677
0.14896332157876588
0.1383002351907822
0.12810386778144164
0.1204098096881034
0.10922620727224122
0.10271937534146859
0.09603771475614888
0.0911851483471732
0.08631285039028005
0.08076833299645582
0.07905192606019953
0.0743536681456805
0.07285508790835278
0.06784258812303064
0.06798283574003319
0.06573643714836186
0.06382121069684929
0.06367886501257708
0.058237631480664895
0.05901932560463753
0.05776044520123488
0.05771356410364109
0.057426093840298335
0.05528377899709607
4.670389165711393
5.318063897883418
6.078183782357824
4.1973408184224885
3.5553868335423195
4.36733613688948
6.090755970405928
3.1698980674929964
3.9738208916047877
4.364808519374012
3.0471783875286977
3.1004679073328045
2.632793728652859
2.843310064125087
2.619776273773218
2.985514392588844
2.9008547417458646
2.626710587934826
2.626274440363262
2.5518915558456485
2.471002341351828
2.529982791666971
2.4984356382455646
2.4426459466856314
2.417487499785381
3.49986294913431
2.4681040821171183
2.4322681958114836
2.561511624863733
2.4017536877583106
2.3812019251172765
2.4465082941894987
2.368527604223284
2.4354240982944257
2.444811986042903
2.4688835693269326
2.4128229510038586
3.5052246570975303
2.4372489805898225
2.4041938983574114
2.4891897516130284
2.459430567332935
2.3781930538291864
2.4327581085031187
2.4572103141913533
2.4019801326853143
2.424687663212736
2.394693115190644
2.3674080365387593
2.433187104325947
2.30116171808389
0.6739903657743006
0.3913905016442132
0.3278852362327734
0.3031520574735085
0.2712221352277108
0.2481463996888323
0.22669954237702128
0.22073773250464926
0.1996618723834148
0.18325328000628743
0.17405891909956803
0.16647901818921415
0.15448212625314545
0.1491899246356501
0.13536067930050322
0.1399977629676536
0.13216810019110917
0.11891168311807873
0.11957887171452662
0.12140806316922562
0.11416129412523984
0.11586022362926185
0.10952996207546964
0.10705964142351022
0.10840704524327333
0.10509724608036103
0.0990515519819245
0.09965913203830339
0.09549188176456805
0.10584446894965956
0.09480176298429156
0.10108829043710078
0.09163048882003287
0.09641700212138307
0.09728441361330066
0.090537825723009
0.09156158148156805
0.09065008700797857
0.0916330109413179
0.09242612550260274
0.08970360287300017
0.08687451778500545
0.09059973603291754
0.08054106461048215
0.10412333777549991
0.08061949681721121
0.10370945053589771
0.08295710075681006
0.09706792822028072
0.9149952961702777
0.4173914849103152
0.9812032534889832
0.4905244286488345
0.7164602426592457
0.9194114346538821
0.6595150078269685
0.8329417771495411
0.6743549876831842
1.3873638501445145
0.5510111057383124
2.255061285965738
0.5286719373536877
2.394270352941406
0.5295320621518166
2.270565713330115
0.5278026796498335
1.9756820308613885
0.49605228162098086
1.629483257178907
0.5327740933636428
1.4463144967828026
0.49212613875677363
1.7335330117567151
0.5327381029201482
1.133883022029661
0.5442337198313081
1.4715079125095265
0.5094655808018402
1.5755602194777403
0.4986110618169944
0.9245844239965657
0.4287391518652156
0.7931637678847774
0.406537198265624
1.3531436245823276
0.34725109801118886
0.39969330785912033
0.4233056889290225
0.5152431789317119
0.42850635244102075
0.30453220046952123
0.4165497269305036
0.21090571674682726
0.5834732613785427
0.28306928539514786
0.563243092113168
0.3692670709120845
0.4667948517857923
0.25097035155473035
