2.197286369486493
0.560948014142086
0.3327735056710234
0.2744635340074496
0.2351120997459331
0.21662230604887817
0.19411851136586733
0.18025990553920943
0.16676033937020132
0.14901016680254628
0.1387258515023721
0.12915233028399387
0.12088448483774368
0.10906200241671478
0.10348745872727892
0.09585667693931389
0.09217076270193268
0.08673418543151545
0.08153408471461557
0.08029088055716986
0.07538910908495021
0.07446097373435398
0.06947647481296945
0.06996242185095468
0.06636625054385753
0.06544428654939312
0.06496757314448337
0.060416774010302036
0.059730590337738566
0.060243784009887474
0.05856031829640287
0.0604818907538161
0.055793425261100246
0.05900965768075305
0.05608093860750143
0.05947337133098481
0.05664240719996653
0.062409477815757064
0.05812116931988895
0.06077749906499704
0.05993049327110556
0.06869934306761924
0.06063963004038938
0.06710079940870131
0.06147319745277326
0.0733591320073552
0.06113746329361055
0.07040491353916205
0.07359778510464482
0.07729222103994898
###zkp_prob_neg
3.0720706564360243
1.455456111247076
0.5877449168932194
0.3819493199746008
0.31030588243583734
0.2721444526400451
0.2467399082856543
0.22238195031626612
0.21395841620538017
0.1998847786146602
0.1866007675278415
0.17183449483266713
0.16579437684512877
0.15246804917602416
0.1433373862583599
0.13783377975216857
0.12994940572392624
0.1235112700313926
0.11529104571573193
0.11277224223041385
0.10566234307078332
0.10289755014970792
0.09655690640706395
0.09343675417073041
0.09058788650507557
0.08598755265962221
0.08608862410148871
0.08062388446874282
0.07951482159825096
0.07789124156732637
0.07693368926740478
0.07520622411007326
0.07360711580301832
0.0712339062707845
0.07160463928140265
0.070206087346695
0.06855461639254538
0.06773523808091933
0.06666314267035546
0.06566219131184686
0.0656256433655314
0.06519176385347675
0.06430689581449577
0.06298082527962322
0.0615882148811794
0.06147791154261197
0.06077148436311303
0.05999607423346883
0.06060071786708255
0.060343743360214676
###no_check_neg
2.1971944585582035
0.5595088316512519
0.3319034265212006
0.274543044880172
0.23459554684382897
0.21653627848353482
0.19370847679659464
0.17951405247446722
0.16769652911871893
0.1496754549398236
0.13935781422668414
0.13013551880183133
0.12148337971480755
0.10936511977847498
0.1037878004746622
0.0958204645994662
0.0917226869050424
0.0875867167381607
0.08226579331743994
0.08044531250774574
0.0760582953178756
0.07414618201861861
0.06933745521228377
0.06935605309408836
0.06666062220701349
0.06543623747050371
0.06558922101196932
0.06032312394868673
0.059268040082635635
0.05926674558115099
0.057650541863044115
0.059798021744400985
0.05494292511431249
0.05674929013214548
0.0553792338358194
0.05829277061884448
0.05619243442253003
0.059848761452909224
0.0557554416900858
0.05842906240173712
0.05544696154677527
0.060629785786401456
0.05599416747135899
0.05880910337397421
0.05762502294827683
0.06283324705564122
0.055536321135808406
0.06197993157134499
0.06388602528481409
0.06880117976098411
###strict_neg
2.1891322832970523
0.5589972193149582
0.324527668548219
0.2704260867792042
0.23401964796582453
0.21605066714469476
0.19357383509549758
0.1795202431549107
0.1641983690126677
0.14896332157876588
0.1383002351907822
0.12810386778144164
0.1204098096881034
0.10922620727224122
0.10271937534146859
0.09603771475614888
0.0911851483471732
0.08631285039028005
0.08076833299645582
0.07905192606019953
0.0743536681456805
0.07285508790835278
0.06784258812303064
0.06798283574003319
0.06573643714836186
0.06382121069684929
0.06367886501257708
0.058237631480664895
0.05901932560463753
0.05776044520123488
0.05771356410364109
0.057426093840298335
0.05528377899709607
0.0548353197186042
0.0560240240366849
0.054499230250063486
0.05523948016619238
0.05474103679228852
0.05305069065649945
0.0539825221032356
0.053684364602335756
0.05354766587439343
0.05359772737975987
0.05375638075993664
0.05889923106372966
0.057906350027316526
0.059313939797408094
0.054602527524410256
0.0620391027876471
0.05776097864983663
###no-attack
2.197286369486493
0.560948014142086
0.3327735056710234
0.2744635340074496
0.2351120997459331
0.21662230604887817
0.19411851136586733
0.18025990553920943
0.16676033937020132
0.14901016680254628
0.1387258515023721
0.12915233028399387
0.12088448483774368
0.10906200241671478
0.10348745872727892
0.09585667693931389
0.09217076270193268
0.08673418543151545
0.08153408471461557
0.08029088055716986
0.07538910908495021
0.07446097373435398
0.06947647481296945
0.06996242185095468
0.06636625054385753
0.06544428654939312
0.06496757314448337
0.060416774010302036
0.059730590337738566
0.060243784009887474
0.05856031829640287
0.0604818907538161
0.055793425261100246
0.05900965768075305
0.05608093860750143
0.05947337133098481
0.05664240719996653
0.062409477815757064
0.05812116931988895
0.06077749906499704
0.05993049327110556
0.06869934306761924
0.06063963004038938
0.06710079940870131
0.06147319745277326
0.0733591320073552
0.06113746329361055
0.07040491353916205
0.07359778510464482
0.07729222103994898
###zkp_prob_pos
