0.8289241622574955
0.8861755528422195
0.9024555691222358
0.9191425858092525
0.9278252611585945
0.9337946004612672
0.940984940984941
0.9453262786596119
0.9485822819156152
0.9534662867996201
0.9583502916836251
0.9599782933116267
0.9652692986026319
0.9655406322072989
0.969339302672636
0.9712386379053046
0.9723239723239723
0.97340930674264
0.9750373083706417
0.9746303079636413
0.9776149776149776
0.978021978021978
0.9797856464523131
0.9789716456383123
0.9797856464523131
0.9799213132546466
0.980328313661647
0.9810066476733144
0.9815493148826482
0.980328313661647
0.982363315696649
0.9807353140686474
0.9834486501153168
0.9808709808709809
0.9837199837199837
0.9816849816849816
0.9837199837199837
0.9810066476733144
0.9837199837199837
0.9808709808709809
0.9827703161036494
0.9793786460453127
0.9835843169176502
0.9801926468593135
0.9830416497083164
0.9778863112196445
0.9826346493013159
0.9788359788359788
0.9797856464523131
0.9753086419753086
