0.8289241622574955
0.8861755528422195
0.9024555691222358
0.9191425858092525
0.9278252611585945
0.9337946004612672
0.940984940984941
0.9453262786596119
0.9485822819156152
0.9534662867996201
0.9583502916836251
0.9599782933116267
0.9652692986026319
0.9655406322072989
0.969339302672636
0.9712386379053046
0.9723239723239723
0.97340930674264
0.9750373083706417
0.9746303079636413
0.9776149776149776
0.978021978021978
0.9797856464523131
0.9789716456383123
0.9797856464523131
0.9799213132546466
0.980328313661647
0.9810066476733144
0.9815493148826482
0.980328313661647
0.982363315696649
0.9807353140686474
0.9834486501153168
0.9808709808709809
0.9837199837199837
0.9816849816849816
0.9837199837199837
0.9810066476733144
0.9837199837199837
0.9808709808709809
0.9827703161036494
0.9793786460453127
0.9835843169176502
0.9801926468593135
0.9830416497083164
0.9778863112196445
0.9826346493013159
0.9788359788359788
0.9797856464523131
0.9753086419753086
###zkp_prob_neg
0.7882241215574549
0.8644688644688645
0.8736942070275404
0.890652557319224
0.9044905711572379
0.9160222493555827
0.9260615927282594
0.92999592999593
0.9344729344729344
0.9396282729616063
0.9426129426129426
0.9470899470899471
0.9487179487179487
0.9526522859856194
0.9557726224392891
0.9583502916836251
0.9598426265092932
0.9639126305792972
0.9658119658119658
0.967032967032967
0.9686609686609686
0.9685253018586352
0.9717813051146384
0.971645638312305
0.9719169719169719
0.975715642382309
0.9743589743589743
0.976258309591643
0.976258309591643
0.9763939763939764
0.9766653099986433
0.9769366436033102
0.9777506444173111
0.9792429792429792
0.9789716456383123
0.9797856464523131
0.9804639804639804
0.9796499796499797
0.980328313661647
0.98005698005698
0.9808709808709809
0.9816849816849816
0.9807353140686474
0.9815493148826482
0.9816849816849816
0.9815493148826482
0.9818206484873152
0.9819563152896487
0.982363315696649
0.9822276488943156
