0.7018043684710351
0.8921448921448921
0.6961063627730294
0.907746574413241
0.7518654185320852
0.921313254646588
0.7638040971374305
0.9290462623795958
0.7578347578347578
0.8921448921448921
0.7787274453941121
0.9336589336589337
0.7832044498711166
0.9408492741826076
0.7795414462081128
0.9643196309862977
0.7848324514991182
0.9618776285442953
0.7657034323700991
0.9572649572649573
0.7722154388821055
0.9584859584859585
0.7849681183014516
0.9359652692986027
0.7701804368471035
0.9465472798806133
0.7756071089404423
0.9548229548229549
0.7768281101614435
0.9525166191832859
0.8267534934201601
0.8575498575498576
0.7591914258580925
0.9257902591235925
0.7696377696377696
0.9267399267399268
0.7602767602767603
0.875322208655542
0.7595984262650929
0.8083028083028083
0.7753357753357754
0.7205263871930538
0.8720662053995387
0.8034188034188035
0.7819834486501153
0.9329805996472663
0.7646180979514313
0.8433048433048433
0.7811694478361145
0.9442409442409443
0.7018043684710351
0.8921448921448921
0.6961063627730294
0.907746574413241
0.7518654185320852
0.921313254646588
0.7638040971374305
0.9290462623795958
0.7578347578347578
0.8921448921448921
0.7787274453941121
0.9336589336589337
0.7832044498711166
0.9408492741826076
0.7795414462081128
0.9643196309862977
0.7848324514991182
0.9618776285442953
0.7657034323700991
0.9572649572649573
0.7722154388821055
0.9584859584859585
0.7849681183014516
0.9359652692986027
0.7701804368471035
0.9465472798806133
0.7756071089404423
0.9548229548229549
0.7768281101614435
0.9525166191832859
0.8267534934201601
0.8575498575498576
0.7591914258580925
0.7018043684710351
0.8921448921448921
0.6961063627730294
0.9142585809252476
0.7488807488807488
0.9260615927282594
0.7605480938814272
0.9377289377289377
0.7628544295210962
0.9153439153439153
0.7781847781847782
0.9375932709266043
0.7829331162664496
0.9484466151132818
0.7784561117894451
0.9613349613349613
0.7832044498711166
0.9668973002306336
0.7796771130104464
0.9625559625559625
0.7822547822547823
0.9560439560439561
0.7921584588251255
0.9605209605209605
0.7802197802197802
0.9641839641839642
0.7985347985347986
0.9583502916836251
0.78998778998779
0.9683896350563017
0.7908017908017908
0.9681183014516348
0.7886311219644553
0.9498032831366164
0.8192918192918193
0.9347442680776014
0.780762447429114
0.9594356261022927
0.8042328042328042
0.9583502916836251
0.7910731244064577
0.9314882648215982
0.7865961199294532
0.9587572920906254
0.8001628001628002
0.9621489621489622
0.7955501288834622
0.855379188712522
0.7752001085334419
0.8873965540632207
0.6985483652150318
0.8865825532492199
0.7030253696920363
0.9133089133089133
0.7487450820784154
0.9203635870302537
0.7589200922534256
0.9274182607515941
0.7671957671957672
0.9290462623795958
0.7745217745217745
0.9484466151132818
0.7823904490571157
0.9493962827296161
0.7861891195224529
0.9533306199972866
0.7756071089404423
0.9641839641839642
0.7857821191154525
0.9549586216252883
0.7840184506851173
0.9675756342423009
0.7749287749287749
0.9708316374983041
0.7842897842897842
0.9721883055216388
0.7765567765567766
0.97340930674264
0.7857821191154525
0.9668973002306336
0.811965811965812
0.9579432912766246
0.7855107855107855
0.9436982770316104
0.7837471170804504
0.9621489621489622
0.8179351512684846
0.9093745760412427
0.789716456383123
0.9150725817392484
0.8281101614434948
0.9085605752272419
0.7946004612671279
0.9518382851716185
0.7946004612671279
0.9525166191832859
0.7944647944647945
0.9086962420295753
0.7935151268484602
0.8654185320851987
0.687288020621354
0.8598561931895266
0.7444037444037443
0.9017772351105684
0.7551214217880885
0.9237552570885904
0.7633970967304301
0.9384072717406051
0.7678741012074345
0.9465472798806133
0.7724867724867724
0.9545516212182878
0.7765567765567766
0.9601139601139601
0.7798127798127799
0.9640482973816307
0.7803554470221137
0.9666259666259667
0.7846967846967847
0.9704246370913038
0.7893094559761227
0.9720526387193054
0.7916157916157917
0.9709673043006376
0.7928367928367929
0.9728666395333062
0.7935151268484602
0.9754443087776421
0.7951431284764618
0.9763939763939764
0.7936507936507936
0.9761226427893095
0.7951431284764618
0.9768009768009768
0.79663546330213
0.9781576448243114
0.7951431284764618
0.9777506444173111
0.7963641296974631
0.9787003120336454
0.7977207977207977
0.9778863112196445
0.7967711301044634
0.98005698005698
0.7977207977207977
0.9810066476733144
0.7975851309184643
0.9815493148826482
0.7988061321394655
0.9811423144756478
0.7103513770180437
0.8636548636548637
0.7587844254510921
0.8229548229548229
0.774657441324108
0.7521367521367521
0.7768281101614435
0.7855107855107855
0.783068783068783
0.7174060507393841
0.7878171211504544
0.6625966625966626
0.7925654592321258
0.5889295889295889
0.7967711301044634
0.6137566137566137
0.7932437932437932
0.6643603310269977
0.7992131325464659
0.7051960385293718
0.7956857956857957
0.7271740605073939
0.800705467372134
0.7182200515533849
0.7917514584181251
0.8110161443494777
0.790259123592457
0.8070818070818071
0.7870031203364537
0.8108804775471442
0.8034188034188035
0.8369285035951702
0.8221408221408222
0.8648758648758649
0.8324514991181657
0.8921448921448921
0.7903947903947904
0.8601275267941935
0.8168498168498168
0.8434405101071768
0.7837471170804504
0.9029982363315696
0.7794057794057794
0.9153439153439153
0.7605480938814272
0.9336589336589337
0.7728937728937729
0.9460046126712793
0.7863247863247863
0.940984940984941
0.8081671415004749
0.8882105548772216
0.9048975715642382
0.905982905982906
0.8405915072581739
0.8689458689458689
0.7304300637633971
0.8601275267941935
0.7323293989960656
0.8239044905711572
0.7241893908560575
0.8057251390584724
0.7381630714964048
0.7532220865554199
0.7505087505087505
0.7950074616741284
0.7627187627187627
0.7315153981820649
0.7557997557997558
0.6402116402116402
0.7929724596391263
0.7247320580653914
0.8046398046398047
0.6577126577126577
0.8110161443494777
0.7874101207434541
0.8449328449328449
0.7981277981277981
0.8578211911545245
0.7752001085334419
0.8547008547008547
0.7389770723104057
0.8802062135395469
0.8135938135938136
0.8275674942341609
0.8597205263871931
0.8658255324921992
0.8378781712115045
0.8659611992945326
0.8886175552842219
0.8568715235381902
0.9095102428435762
0.8812915479582146
0.9154795821462488
0.8935015601682268
0.9252475919142585
0.7758784425451092
0.9472256138922805
0.8871252204585538
0.9225342558675892
0.7103513770180437
0.8636548636548637
0.7587844254510921
0.8229548229548229
0.774657441324108
0.7521367521367521
0.7768281101614435
0.7855107855107855
0.783068783068783
0.7174060507393841
0.7878171211504544
0.6625966625966626
0.7925654592321258
0.5889295889295889
0.7967711301044634
0.6137566137566137
0.7932437932437932
0.6643603310269977
0.7992131325464659
0.7051960385293718
0.7956857956857957
0.7271740605073939
0.800705467372134
0.7182200515533849
0.7917514584181251
0.8110161443494777
0.790259123592457
0.8070818070818071
0.7870031203364537
0.8108804775471442
0.8034188034188035
0.8369285035951702
0.8221408221408222
0.8648758648758649
0.8324514991181657
0.8921448921448921
0.7903947903947904
0.8601275267941935
0.8168498168498168
0.8434405101071768
0.7837471170804504
0.9029982363315696
0.7794057794057794
0.9153439153439153
0.7605480938814272
0.9336589336589337
0.7728937728937729
0.9460046126712793
0.7863247863247863
0.940984940984941
0.7103513770180437
0.8636548636548637
0.7587844254510921
0.8229548229548229
0.774657441324108
0.7521367521367521
0.7768281101614435
0.7855107855107855
0.783068783068783
0.7174060507393841
0.7878171211504544
0.6625966625966626
0.7925654592321258
0.5889295889295889
0.7967711301044634
0.6137566137566137
0.7932437932437932
0.6643603310269977
0.7992131325464659
0.7051960385293718
0.7956857956857957
0.7271740605073939
0.800705467372134
0.7182200515533849
0.7917514584181251
0.8110161443494777
0.790259123592457
0.8070818070818071
0.7870031203364537
0.8108804775471442
0.8034188034188035
0.8369285035951702
0.8221408221408222
0.8648758648758649
0.8324514991181657
0.8921448921448921
0.7903947903947904
0.8601275267941935
0.8168498168498168
0.8434405101071768
0.7837471170804504
0.9029982363315696
0.7794057794057794
0.9153439153439153
0.7605480938814272
0.9336589336589337
0.7728937728937729
0.9460046126712793
0.7863247863247863
0.940984940984941
0.8346221679555013
0.8907882241215574
0.908289241622575
0.9192782526115859
0.9287749287749287
0.9336589336589337
0.9416632749966083
0.9454619454619455
0.9491249491249492
0.9541446208112875
0.9579432912766246
0.9598426265092932
0.9644552977886311
0.9667616334283001
0.9682539682539683
0.9700176366843033
0.9719169719169719
0.97340930674264
0.9753086419753086
0.9761226427893095
0.9789716456383123
0.9778863112196445
0.98005698005698
0.9804639804639804
0.9799213132546466
0.9805996472663139
0.9810066476733144
0.9820919820919821
0.9820919820919821
0.9816849816849816
0.9822276488943156
0.982363315696649
0.9834486501153168
0.9830416497083164
0.9834486501153168
0.9829059829059829
0.9838556505223172
0.9830416497083164
0.9845339845339846
0.9834486501153168
0.9845339845339846
0.9835843169176502
0.9841269841269841
0.9819563152896487
0.9829059829059829
0.9819563152896487
0.9822276488943156
0.9837199837199837
0.9831773165106499
0.9819563152896487
0.8346221679555013
0.8907882241215574
0.908289241622575
0.9192782526115859
0.9287749287749287
0.9336589336589337
0.9416632749966083
0.9454619454619455
0.9491249491249492
0.9541446208112875
0.9579432912766246
0.9598426265092932
0.9644552977886311
0.9667616334283001
0.9682539682539683
0.9700176366843033
0.9719169719169719
0.97340930674264
0.9753086419753086
0.9761226427893095
0.9789716456383123
0.9778863112196445
0.98005698005698
0.9804639804639804
0.9799213132546466
0.9805996472663139
0.9810066476733144
0.9820919820919821
0.9820919820919821
0.9816849816849816
0.9822276488943156
0.982363315696649
0.9834486501153168
0.9830416497083164
0.9834486501153168
0.9829059829059829
0.9838556505223172
0.9830416497083164
0.9845339845339846
0.9834486501153168
0.9845339845339846
0.9835843169176502
0.9841269841269841
0.9819563152896487
0.9829059829059829
0.9819563152896487
0.9822276488943156
0.9837199837199837
0.9831773165106499
0.9819563152896487
0.8346221679555013
0.8907882241215574
0.908289241622575
0.9192782526115859
0.9287749287749287
0.9336589336589337
0.9416632749966083
0.9454619454619455
0.9491249491249492
0.9541446208112875
0.9579432912766246
0.9598426265092932
0.9644552977886311
0.9667616334283001
0.9682539682539683
0.9700176366843033
0.9719169719169719
0.97340930674264
0.9753086419753086
0.9761226427893095
0.9789716456383123
0.9778863112196445
0.98005698005698
0.9804639804639804
0.9799213132546466
0.9805996472663139
0.9810066476733144
0.9820919820919821
0.9820919820919821
0.9816849816849816
0.9822276488943156
0.982363315696649
0.9834486501153168
0.14190747524080857
0.2245285578618912
0.20160086826753493
0.33943833943833945
0.3989960656627323
0.33496133496133496
0.26807760141093473
0.40021706688373354
0.3492063492063492
0.2880206213539547
0.2929046262379596
0.27458960792294124
0.3315696649029982
0.21421788088454755
0.23429656762990098
0.14909781576448244
0.1470628137294804
0.19834486501153167
0.17609550942884275
0.15221815221815221
0.15221815221815221
0.13905847239180572
0.0967304300637634
0.09618776285442952
0.09957943291276625
0.07285307285307285
0.08126441459774793
0.07895807895807896
0.08601275267941935
0.15601682268348935
0.10554877221543889
0.12481345814679148
0.10568443901777234
0.11816578483245149
0.09008275674942341
0.09523809523809523
0.10297110297110297
0.10310676977343644
0.10188576855243522
0.09985076651743319
0.09795143128476462
0.09903676570343237
0.1128747795414462
0.09306742640075974
0.0949667616334283
0.10188576855243522
0.10351377018043685
0.09957943291276625
0.0989010989010989
0.10134310134310134
0.7380274046940714
0.8571428571428571
0.8880748880748881
0.9006919006919006
0.9091032424365758
0.9183285849952516
0.9229412562745896
0.9344729344729344
0.9308099308099308
0.9420702754036088
0.9442409442409443
0.9454619454619455
0.9479039479039479
0.9527879527879528
0.9546872880206213
0.9584859584859585
0.9574006240672908
0.960656627323294
0.9628272961606295
0.9639126305792972
0.9632342965676299
0.9668973002306336
0.9654049654049655
0.9674399674399674
0.9690679690679691
0.9671686338353005
0.9667616334283001
0.9690679690679691
0.969339302672636
0.9700176366843033
0.9671686338353005
0.9709673043006376
0.9711029711029711
0.9724596391263058
0.9711029711029711
0.9709673043006376
0.9727309727309728
0.9708316374983041
0.9720526387193054
0.971645638312305
0.9721883055216388
0.9723239723239723
0.9749016415683083
0.9720526387193054
0.9765296431963099
0.9678469678469679
0.9749016415683083
0.9690679690679691
0.9746303079636413
0.9692036358703026
0.7103513770180437
0.862298195631529
0.7567494234160901
0.8377425044091711
0.7688237688237688
0.7369420702754036
0.77669244335911
0.7891737891737892
0.7838827838827839
0.7203907203907204
0.7890381223714557
0.6456383123049789
0.7931081264414598
0.6247456247456248
0.7924297924297924
0.641296974630308
0.7950074616741284
0.6777913444580111
0.7940577940577941
0.7030253696920363
0.7967711301044634
0.7282593949260616
0.8000271333604667
0.6837606837606838
0.7928367928367929
0.7632614299280966
0.7932437932437932
0.7064170397503731
0.7998914665581333
0.6999050332383666
0.7970424637091303
0.794329127662461
0.8085741419074752
0.805589472256139
0.8409985076651744
0.7195767195767195
0.8267534934201601
0.8967575634242301
0.8192918192918193
0.8789852123185457
0.814000814000814
0.9351512684846018
0.8040971374304707
0.9518382851716185
0.7905304571971239
0.9361009361009361
0.7548500881834215
0.9271469271469271
0.7829331162664496
0.9404422737756071
