2.197286369486493
0.560948014142086
0.3327735056710234
0.2744635340074496
0.2351120997459331
0.21662230604887817
0.19411851136586733
0.18025990553920943
0.16676033937020132
0.14901016680254628
0.1387258515023721
0.12915233028399387
0.12088448483774368
0.10906200241671478
0.10348745872727892
0.09585667693931389
0.09217076270193268
0.08673418543151545
0.08153408471461557
0.08029088055716986
0.07538910908495021
0.07446097373435398
0.06947647481296945
0.06996242185095468
0.06636625054385753
0.06544428654939312
0.06496757314448337
0.060416774010302036
0.059730590337738566
0.060243784009887474
0.05856031829640287
0.0604818907538161
0.055793425261100246
0.05900965768075305
0.05608093860750143
0.05947337133098481
0.05664240719996653
0.062409477815757064
0.05812116931988895
0.06077749906499704
0.05993049327110556
0.06869934306761924
0.06063963004038938
0.06710079940870131
0.06147319745277326
0.0733591320073552
0.06113746329361055
0.07040491353916205
0.07359778510464482
0.07729222103994898
###zkp_prob_neg
3.0720706564360243
1.455456111247076
0.5877449168932194
0.3819493199746008
0.31030588243583734
0.2721444526400451
0.2467399082856543
0.22238195031626612
0.21395841620538017
0.1998847786146602
0.1866007675278415
0.17183449483266713
0.16579437684512877
0.15246804917602416
0.1433373862583599
0.13783377975216857
0.12994940572392624
0.1235112700313926
0.11529104571573193
0.11277224223041385
0.10566234307078332
0.10289755014970792
0.09655690640706395
0.09343675417073041
0.09058788650507557
0.08598755265962221
0.08608862410148871
0.08062388446874282
0.07951482159825096
0.07789124156732637
0.07693368926740478
0.07520622411007326
0.07360711580301832
0.0712339062707845
0.07160463928140265
0.070206087346695
0.06855461639254538
0.06773523808091933
0.06666314267035546
0.06566219131184686
0.0656256433655314
0.06519176385347675
0.06430689581449577
0.06298082527962322
0.0615882148811794
0.06147791154261197
0.06077148436311303
0.05999607423346883
0.06060071786708255
0.060343743360214676
