0.8289241622574955
0.8861755528422195
0.9024555691222358
0.9191425858092525
0.9278252611585945
0.9337946004612672
0.940984940984941
0.9453262786596119
0.9485822819156152
0.9534662867996201
0.9583502916836251
0.9599782933116267
0.9652692986026319
0.9655406322072989
0.969339302672636
0.9712386379053046
0.9723239723239723
0.97340930674264
0.9750373083706417
0.9746303079636413
0.9776149776149776
0.978021978021978
0.9797856464523131
0.9789716456383123
0.9797856464523131
0.9799213132546466
0.980328313661647
0.9810066476733144
0.9815493148826482
0.980328313661647
0.982363315696649
0.9807353140686474
0.9834486501153168
0.9808709808709809
0.9837199837199837
0.9816849816849816
0.9837199837199837
0.9810066476733144
0.9837199837199837
0.9808709808709809
0.9827703161036494
0.9793786460453127
0.9835843169176502
0.9801926468593135
0.9830416497083164
0.9778863112196445
0.9826346493013159
0.9788359788359788
0.9797856464523131
0.9753086419753086
###zkp_prob_neg
0.7882241215574549
0.8644688644688645
0.8736942070275404
0.890652557319224
0.9044905711572379
0.9160222493555827
0.9260615927282594
0.92999592999593
0.9344729344729344
0.9396282729616063
0.9426129426129426
0.9470899470899471
0.9487179487179487
0.9526522859856194
0.9557726224392891
0.9583502916836251
0.9598426265092932
0.9639126305792972
0.9658119658119658
0.967032967032967
0.9686609686609686
0.9685253018586352
0.9717813051146384
0.971645638312305
0.9719169719169719
0.975715642382309
0.9743589743589743
0.976258309591643
0.976258309591643
0.9763939763939764
0.9766653099986433
0.9769366436033102
0.9777506444173111
0.9792429792429792
0.9789716456383123
0.9797856464523131
0.9804639804639804
0.9796499796499797
0.980328313661647
0.98005698005698
0.9808709808709809
0.9816849816849816
0.9807353140686474
0.9815493148826482
0.9816849816849816
0.9815493148826482
0.9818206484873152
0.9819563152896487
0.982363315696649
0.9822276488943156
###no_check_neg
0.8287884954551621
0.8857685524352191
0.9021842355175689
0.9173789173789174
0.9283679283679284
0.9332519332519332
0.9407136073802741
0.945597612264279
0.9483109483109483
0.9536019536019537
0.9590286256952923
0.9601139601139601
0.9643196309862977
0.9658119658119658
0.9692036358703026
0.9705603038936372
0.9719169719169719
0.9728666395333062
0.9755799755799756
0.9740876407543074
0.9774793108126442
0.978021978021978
0.9795143128476462
0.9787003120336454
0.9797856464523131
0.98005698005698
0.9807353140686474
0.9801926468593135
0.9820919820919821
0.9805996472663139
0.9827703161036494
0.9815493148826482
0.9835843169176502
0.982363315696649
0.9837199837199837
0.9820919820919821
0.9838556505223172
0.9814136480803147
0.9842626509293176
0.9820919820919821
0.984669651336318
0.9808709808709809
0.9842626509293176
0.9816849816849816
0.9839913173246506
0.980328313661647
0.9833129833129833
0.9810066476733144
0.9812779812779813
0.9781576448243114
###strict_neg
0.8346221679555013
0.8907882241215574
0.908289241622575
0.9192782526115859
0.9287749287749287
0.9336589336589337
0.9416632749966083
0.9454619454619455
0.9491249491249492
0.9541446208112875
0.9579432912766246
0.9598426265092932
0.9644552977886311
0.9667616334283001
0.9682539682539683
0.9700176366843033
0.9719169719169719
0.97340930674264
0.9753086419753086
0.9761226427893095
0.9789716456383123
0.9778863112196445
0.98005698005698
0.9804639804639804
0.9799213132546466
0.9805996472663139
0.9810066476733144
0.9820919820919821
0.9820919820919821
0.9816849816849816
0.9822276488943156
0.982363315696649
0.9834486501153168
0.9830416497083164
0.9834486501153168
0.9829059829059829
0.9838556505223172
0.9830416497083164
0.9845339845339846
0.9834486501153168
0.9845339845339846
0.9835843169176502
0.9841269841269841
0.9819563152896487
0.9829059829059829
0.9819563152896487
0.9822276488943156
0.9837199837199837
0.9831773165106499
0.9819563152896487
###no-attack
0.8289241622574955
0.8861755528422195
0.9024555691222358
0.9191425858092525
0.9278252611585945
0.9337946004612672
0.940984940984941
0.9453262786596119
0.9485822819156152
0.9534662867996201
0.9583502916836251
0.9599782933116267
0.9652692986026319
0.9655406322072989
0.969339302672636
0.9712386379053046
0.9723239723239723
0.97340930674264
0.9750373083706417
0.9746303079636413
0.9776149776149776
0.978021978021978
0.9797856464523131
0.9789716456383123
0.9797856464523131
0.9799213132546466
0.980328313661647
0.9810066476733144
0.9815493148826482
0.980328313661647
0.982363315696649
0.9807353140686474
0.9834486501153168
0.9808709808709809
0.9837199837199837
0.9816849816849816
0.9837199837199837
0.9810066476733144
0.9837199837199837
0.9808709808709809
0.9827703161036494
0.9793786460453127
0.9835843169176502
0.9801926468593135
0.9830416497083164
0.9778863112196445
0.9826346493013159
0.9788359788359788
0.9797856464523131
0.9753086419753086
###zkp_prob_pos
0.8342151675485009
0.8956722290055623
0.9074752408085741
0.8655541988875323
0.7857821191154525
0.8507665174331841
0.8002984669651336
0.8386921720255054
0.549586216252883
0.7910731244064577
0.6582553249219916
0.8291954958621626
0.568715235381902
0.8624338624338624
0.6010039343372676
0.8597205263871931
0.6547279880613214
0.816035816035816
0.6486229819563153
0.8031474698141364
0.8084384751051418
0.8529371862705196
0.8466965133631801
0.7924297924297924
0.8422195088861756
0.7757427757427757
0.7606837606837606
0.8334011667345
0.6786053452720119
0.8845475512142179
0.5881155881155881
0.8907882241215574
0.7327363994030661
0.9104599104599105
0.7663817663817664
0.9192782526115859
0.7704517704517705
0.9238909238909239
0.783068783068783
0.9116809116809117
0.8159001492334825
0.9301315967982635
0.9138515805182472
0.938678605345272
0.8905168905168905
0.9318952652285986
0.8856328856328857
0.9133089133089133
0.9210419210419211
0.8902455569122236
###no_check_pos
0.8287884954551621
0.8857685524352191
0.9021842355175689
0.9173789173789174
0.9283679283679284
0.9332519332519332
0.9407136073802741
0.945597612264279
0.9483109483109483
0.9536019536019537
0.9590286256952923
0.9601139601139601
0.9643196309862977
0.9658119658119658
0.9692036358703026
0.9705603038936372
0.9719169719169719
0.9728666395333062
0.9755799755799756
0.9740876407543074
0.9774793108126442
0.978021978021978
0.9795143128476462
0.9787003120336454
0.9797856464523131
0.98005698005698
0.9807353140686474
0.9801926468593135
0.9820919820919821
0.9805996472663139
0.9827703161036494
0.9815493148826482
0.9835843169176502
0.982363315696649
0.9837199837199837
0.9820919820919821
0.9838556505223172
0.9814136480803147
0.9842626509293176
0.9820919820919821
0.984669651336318
0.9808709808709809
0.9842626509293176
0.9816849816849816
0.9839913173246506
0.980328313661647
0.9833129833129833
0.9810066476733144
0.9812779812779813
0.9781576448243114
###strict_pos
