2.197286369486493
0.560948014142086
0.3327735056710234
0.2744635340074496
0.2351120997459331
0.21662230604887817
0.19411851136586733
0.18025990553920943
0.16676033937020132
0.14901016680254628
0.1387258515023721
0.12915233028399387
0.12088448483774368
0.10906200241671478
0.10348745872727892
0.09585667693931389
0.09217076270193268
0.08673418543151545
0.08153408471461557
0.08029088055716986
0.07538910908495021
0.07446097373435398
0.06947647481296945
0.06996242185095468
0.06636625054385753
0.06544428654939312
0.06496757314448337
0.060416774010302036
0.059730590337738566
0.060243784009887474
0.05856031829640287
0.0604818907538161
0.055793425261100246
0.05900965768075305
0.05608093860750143
0.05947337133098481
0.05664240719996653
0.062409477815757064
0.05812116931988895
0.06077749906499704
0.05993049327110556
0.06869934306761924
0.06063963004038938
0.06710079940870131
0.06147319745277326
0.0733591320073552
0.06113746329361055
0.07040491353916205
0.07359778510464482
0.07729222103994898
